1.1009150e+23 	 0.0000000e+00 
1.1009191e+23 	 1.0000000e+00 
1.1009232e+23 	 2.0000000e+00 
1.1009273e+23 	 3.0000000e+00 
1.1019901e+23 	 4.0000000e+00 
1.1051812e+23 	 5.0000000e+00 
1.1083722e+23 	 6.0000000e+00 
1.1115633e+23 	 7.0000000e+00 
1.1147544e+23 	 8.0000000e+00 
1.1165009e+23 	 9.0000000e+00 
1.1165030e+23 	 1.0000000e+01 
1.1165050e+23 	 1.1000000e+01 
1.1165071e+23 	 1.2000000e+01 
1.1165091e+23 	 1.3000000e+01 
1.1183425e+23 	 1.4000000e+01 
1.1215786e+23 	 1.5000000e+01 
1.1248147e+23 	 1.6000000e+01 
1.1280509e+23 	 1.7000000e+01 
1.1312870e+23 	 1.8000000e+01 
1.1323014e+23 	 1.9000000e+01 
1.1323035e+23 	 2.0000000e+01 
1.1323055e+23 	 2.1000000e+01 
1.1323075e+23 	 2.2000000e+01 
1.1323096e+23 	 2.3000000e+01 
1.1349359e+23 	 2.4000000e+01 
1.1382171e+23 	 2.5000000e+01 
1.1414983e+23 	 2.6000000e+01 
1.1447796e+23 	 2.7000000e+01 
1.1480608e+23 	 2.8000000e+01 
1.1483238e+23 	 2.9000000e+01 
1.1483279e+23 	 3.0000000e+01 
1.1483320e+23 	 3.1000000e+01 
1.1483360e+23 	 3.2000000e+01 
1.1484541e+23 	 3.3000000e+01 
1.1517825e+23 	 3.4000000e+01 
1.1551109e+23 	 3.5000000e+01 
1.1584393e+23 	 3.6000000e+01 
1.1617676e+23 	 3.7000000e+01 
1.1645803e+23 	 3.8000000e+01 
1.1645824e+23 	 3.9000000e+01 
1.1645844e+23 	 4.0000000e+01 
1.1645865e+23 	 4.1000000e+01 
1.1645885e+23 	 4.2000000e+01 
1.1654957e+23 	 4.3000000e+01 
1.1688712e+23 	 4.4000000e+01 
1.1722467e+23 	 4.5000000e+01 
1.1756222e+23 	 4.6000000e+01 
1.1789977e+23 	 4.7000000e+01 
1.1810616e+23 	 4.8000000e+01 
1.1810657e+23 	 4.9000000e+01 
1.1810698e+23 	 5.0000000e+01 
1.1810739e+23 	 5.1000000e+01 
1.1810780e+23 	 5.2000000e+01 
1.1810810e+23 	 5.3000000e+01 
1.1810831e+23 	 5.4000000e+01 
1.1810851e+23 	 5.5000000e+01 
1.1810872e+23 	 5.6000000e+01 
1.1810892e+23 	 5.7000000e+01 
1.1831971e+23 	 5.8000000e+01 
1.1866197e+23 	 5.9000000e+01 
1.1900424e+23 	 6.0000000e+01 
1.1934650e+23 	 6.1000000e+01 
1.1968877e+23 	 6.2000000e+01 
1.1977930e+23 	 6.3000000e+01 
1.1977971e+23 	 6.4000000e+01 
1.1978012e+23 	 6.5000000e+01 
1.1978053e+23 	 6.6000000e+01 
1.1978094e+23 	 6.7000000e+01 
1.2007581e+23 	 6.8000000e+01 
1.2042279e+23 	 6.9000000e+01 
1.2076977e+23 	 7.0000000e+01 
1.2111674e+23 	 7.1000000e+01 
1.2146372e+23 	 7.2000000e+01 
1.2147440e+23 	 7.3000000e+01 
1.2147481e+23 	 7.4000000e+01 
1.2147522e+23 	 7.5000000e+01 
1.2147562e+23 	 7.6000000e+01 
1.2150546e+23 	 7.7000000e+01 
1.2185756e+23 	 7.8000000e+01 
1.2220967e+23 	 7.9000000e+01 
1.2256177e+23 	 8.0000000e+01 
1.2291387e+23 	 8.1000000e+01 
1.2326698e+23 	 8.2000000e+01 
1.2362400e+23 	 8.3000000e+01 
1.2398102e+23 	 8.4000000e+01 
1.2433804e+23 	 8.5000000e+01 
1.2469506e+23 	 8.6000000e+01 
1.2505375e+23 	 8.7000000e+01 
1.2541589e+23 	 8.8000000e+01 
1.2577804e+23 	 8.9000000e+01 
1.2614018e+23 	 9.0000000e+01 
1.2650232e+23 	 9.1000000e+01 
1.2686666e+23 	 9.2000000e+01 
1.2723373e+23 	 9.3000000e+01 
1.2760079e+23 	 9.4000000e+01 
1.2796785e+23 	 9.5000000e+01 
1.2833491e+23 	 9.6000000e+01 
1.2870500e+23 	 9.7000000e+01 
1.2907739e+23 	 9.8000000e+01 
1.2944978e+23 	 9.9000000e+01 
1.2982217e+23 	 1.0000000e+02 
1.3019456e+23 	 1.0100000e+02 
1.3057062e+23 	 1.0200000e+02 
1.3094834e+23 	 1.0300000e+02 
1.3132606e+23 	 1.0400000e+02 
1.3170378e+23 	 1.0500000e+02 
1.3208150e+23 	 1.0600000e+02 
1.3246353e+23 	 1.0700000e+02 
1.3284658e+23 	 1.0800000e+02 
1.3322963e+23 	 1.0900000e+02 
1.3361268e+23 	 1.1000000e+02 
1.3399573e+23 	 1.1100000e+02 
1.3438373e+23 	 1.1200000e+02 
1.3477211e+23 	 1.1300000e+02 
1.3516048e+23 	 1.1400000e+02 
1.3554886e+23 	 1.1500000e+02 
1.3593751e+23 	 1.1600000e+02 
1.3633143e+23 	 1.1700000e+02 
1.3672534e+23 	 1.1800000e+02 
1.3711925e+23 	 1.1900000e+02 
1.3751316e+23 	 1.2000000e+02 
1.3784007e+23 	 1.2100000e+02 
1.3784048e+23 	 1.2200000e+02 
1.3784089e+23 	 1.2300000e+02 
1.3784130e+23 	 1.2400000e+02 
1.3784171e+23 	 1.2500000e+02 
1.3795527e+23 	 1.2600000e+02 
1.3835471e+23 	 1.2700000e+02 
1.3875416e+23 	 1.2800000e+02 
1.3915360e+23 	 1.2900000e+02 
1.3955305e+23 	 1.3000000e+02 
1.3995481e+23 	 1.3100000e+02 
1.4036000e+23 	 1.3200000e+02 
1.4076518e+23 	 1.3300000e+02 
1.4117037e+23 	 1.3400000e+02 
1.4157555e+23 	 1.3500000e+02 
1.4198364e+23 	 1.3600000e+02 
1.4239436e+23 	 1.3700000e+02 
1.4280507e+23 	 1.3800000e+02 
1.4321579e+23 	 1.3900000e+02 
1.4362651e+23 	 1.4000000e+02 
1.4404120e+23 	 1.4100000e+02 
1.4445806e+23 	 1.4200000e+02 
1.4487493e+23 	 1.4300000e+02 
1.4529179e+23 	 1.4400000e+02 
1.4570866e+23 	 1.4500000e+02 
1.4612977e+23 	 1.4600000e+02 
1.4655217e+23 	 1.4700000e+02 
1.4697457e+23 	 1.4800000e+02 
1.4739697e+23 	 1.4900000e+02 
1.4781937e+23 	 1.5000000e+02 
1.4824722e+23 	 1.5100000e+02 
1.4867577e+23 	 1.5200000e+02 
1.4910432e+23 	 1.5300000e+02 
1.4953286e+23 	 1.5400000e+02 
1.4996498e+23 	 1.5500000e+02 
1.5084145e+23 	 1.5600000e+02 
1.5171792e+23 	 1.5700000e+02 
1.5259438e+23 	 1.5800000e+02 
1.5347085e+23 	 1.5900000e+02 
1.5422803e+23 	 1.6000000e+02 
1.5422823e+23 	 1.6100000e+02 
1.5422844e+23 	 1.6200000e+02 
1.5422864e+23 	 1.6300000e+02 
1.5422885e+23 	 1.6400000e+02 
1.5434049e+23 	 1.6500000e+02 
1.5478749e+23 	 1.6600000e+02 
1.5523448e+23 	 1.6700000e+02 
1.5568147e+23 	 1.6800000e+02 
1.5612847e+23 	 1.6900000e+02 
1.5641015e+23 	 1.7000000e+02 
1.5641056e+23 	 1.7100000e+02 
1.5641097e+23 	 1.7200000e+02 
1.5641138e+23 	 1.7300000e+02 
1.5641179e+23 	 1.7400000e+02 
1.5619695e+23 	 1.7500000e+02 
1.5575214e+23 	 1.7600000e+02 
1.5530732e+23 	 1.7700000e+02 
1.5486250e+23 	 1.7800000e+02 
1.5441769e+23 	 1.7900000e+02 
1.5372224e+23 	 1.8000000e+02 
1.5285211e+23 	 1.8100000e+02 
1.5198199e+23 	 1.8200000e+02 
1.5111186e+23 	 1.8300000e+02 
1.5024174e+23 	 1.8400000e+02 
1.4938803e+23 	 1.8500000e+02 
1.4854178e+23 	 1.8600000e+02 
1.4769552e+23 	 1.8700000e+02 
1.4684927e+23 	 1.8800000e+02 
1.4600301e+23 	 1.8900000e+02 
1.4549594e+23 	 1.9000000e+02 
1.4508116e+23 	 1.9100000e+02 
1.4466638e+23 	 1.9200000e+02 
1.4425160e+23 	 1.9300000e+02 
1.4383682e+23 	 1.9400000e+02 
1.4306830e+23 	 1.9500000e+02 
1.4225694e+23 	 1.9600000e+02 
1.4144557e+23 	 1.9700000e+02 
1.4063420e+23 	 1.9800000e+02 
1.3982284e+23 	 1.9900000e+02 
1.3903369e+23 	 2.0000000e+02 
1.3824477e+23 	 2.0100000e+02 
1.3745584e+23 	 2.0200000e+02 
1.3666691e+23 	 2.0300000e+02 
1.3581411e+23 	 2.0400000e+02 
1.3430551e+23 	 2.0500000e+02 
1.3279691e+23 	 2.0600000e+02 
1.3128831e+23 	 2.0700000e+02 
1.2977971e+23 	 2.0800000e+02 
1.2840606e+23 	 2.0900000e+02 
1.2768078e+23 	 2.1000000e+02 
1.2695551e+23 	 2.1100000e+02 
1.2623024e+23 	 2.1200000e+02 
1.2550496e+23 	 2.1300000e+02 
1.2478516e+23 	 2.1400000e+02 
1.2408008e+23 	 2.1500000e+02 
1.2337501e+23 	 2.1600000e+02 
1.2266993e+23 	 2.1700000e+02 
1.2196485e+23 	 2.1800000e+02 
1.2126693e+23 	 2.1900000e+02 
1.2058124e+23 	 2.2000000e+02 
1.1989554e+23 	 2.2100000e+02 
1.1920985e+23 	 2.2200000e+02 
1.1852415e+23 	 2.2300000e+02 
1.1784733e+23 	 2.2400000e+02 
1.1718060e+23 	 2.2500000e+02 
1.1651388e+23 	 2.2600000e+02 
1.1584716e+23 	 2.2700000e+02 
1.1518044e+23 	 2.2800000e+02 
1.1452422e+23 	 2.2900000e+02 
1.1387607e+23 	 2.3000000e+02 
1.1322791e+23 	 2.3100000e+02 
1.1257975e+23 	 2.3200000e+02 
1.1193160e+23 	 2.3300000e+02 
1.1150294e+23 	 2.3400000e+02 
1.1118522e+23 	 2.3500000e+02 
1.1086749e+23 	 2.3600000e+02 
1.1054976e+23 	 2.3700000e+02 
1.1023204e+23 	 2.3800000e+02 
1.0968027e+23 	 2.3900000e+02 
1.0905863e+23 	 2.4000000e+02 
1.0843700e+23 	 2.4100000e+02 
1.0781536e+23 	 2.4200000e+02 
1.0719373e+23 	 2.4300000e+02 
1.0658715e+23 	 2.4400000e+02 
1.0598286e+23 	 2.4500000e+02 
1.0537857e+23 	 2.4600000e+02 
1.0477428e+23 	 2.4700000e+02 
1.0416998e+23 	 2.4800000e+02 
1.0303236e+23 	 2.4900000e+02 
1.0187649e+23 	 2.5000000e+02 
1.0072062e+23 	 2.5100000e+02 
9.9564754e+22 	 2.5200000e+02 
9.8439170e+22 	 2.5300000e+02 
9.7883576e+22 	 2.5400000e+02 
9.7327982e+22 	 2.5500000e+02 
9.6772388e+22 	 2.5600000e+02 
9.6216794e+22 	 2.5700000e+02 
9.5663490e+22 	 2.5800000e+02 
9.5123278e+22 	 2.5900000e+02 
9.4583067e+22 	 2.6000000e+02 
9.4042855e+22 	 2.6100000e+02 
9.3502644e+22 	 2.6200000e+02 
9.2433545e+22 	 2.6300000e+02 
8.9754254e+22 	 2.6400000e+02 
8.7074963e+22 	 2.6500000e+02 
8.4395671e+22 	 2.6600000e+02 
8.1716380e+22 	 2.6700000e+02 
7.8989377e+22 	 2.6800000e+02 
7.6138866e+22 	 2.6900000e+02 
7.3288355e+22 	 2.7000000e+02 
7.0437844e+22 	 2.7100000e+02 
6.7587333e+22 	 2.7200000e+02 
6.4883069e+22 	 2.7300000e+02 
6.2540836e+22 	 2.7400000e+02 
6.0198602e+22 	 2.7500000e+02 
5.7856369e+22 	 2.7600000e+02 
5.5514135e+22 	 2.7700000e+02 
5.3332261e+22 	 2.7800000e+02 
5.1530304e+22 	 2.7900000e+02 
4.9728347e+22 	 2.8000000e+02 
4.7926389e+22 	 2.8100000e+02 
4.6124432e+22 	 2.8200000e+02 
4.4384586e+22 	 2.8300000e+02 
4.2780854e+22 	 2.8400000e+02 
4.1177122e+22 	 2.8500000e+02 
3.9573389e+22 	 2.8600000e+02 
3.7969657e+22 	 2.8700000e+02 
3.6458124e+22 	 2.8800000e+02 
3.5140351e+22 	 2.8900000e+02 
3.3822577e+22 	 2.9000000e+02 
3.2504804e+22 	 2.9100000e+02 
3.1187031e+22 	 2.9200000e+02 
2.9970029e+22 	 2.9300000e+02 
2.8956239e+22 	 2.9400000e+02 
2.7942450e+22 	 2.9500000e+02 
2.6928660e+22 	 2.9600000e+02 
2.5914871e+22 	 2.9700000e+02 
2.4939889e+22 	 2.9800000e+02 
2.4037610e+22 	 2.9900000e+02 
2.3135332e+22 	 3.0000000e+02 
2.2233053e+22 	 3.0100000e+02 
2.1330775e+22 	 3.0200000e+02 
2.0502817e+22 	 3.0300000e+02 
1.9808662e+22 	 3.0400000e+02 
1.9114508e+22 	 3.0500000e+02 
1.8420353e+22 	 3.0600000e+02 
1.7726198e+22 	 3.0700000e+02 
1.7060579e+22 	 3.0800000e+02 
1.6442798e+22 	 3.0900000e+02 
1.5825017e+22 	 3.1000000e+02 
1.5207237e+22 	 3.1100000e+02 
1.4589456e+22 	 3.1200000e+02 
1.4013825e+22 	 3.1300000e+02 
1.3506182e+22 	 3.1400000e+02 
1.2998539e+22 	 3.1500000e+02 
1.2490896e+22 	 3.1600000e+02 
1.1983253e+22 	 3.1700000e+02 
1.1521495e+22 	 3.1800000e+02 
1.1130967e+22 	 3.1900000e+02 
1.0740438e+22 	 3.2000000e+02 
1.0349910e+22 	 3.2100000e+02 
9.9593817e+21 	 3.2200000e+02 
9.5863924e+21 	 3.2300000e+02 
9.2388192e+21 	 3.2400000e+02 
8.8912460e+21 	 3.2500000e+02 
8.5436728e+21 	 3.2600000e+02 
8.1960996e+21 	 3.2700000e+02 
7.8743948e+21 	 3.2800000e+02 
7.5887982e+21 	 3.2900000e+02 
7.3032015e+21 	 3.3000000e+02 
7.0176049e+21 	 3.3100000e+02 
6.7320082e+21 	 3.3200000e+02 
6.4745060e+21 	 3.3300000e+02 
6.2547861e+21 	 3.3400000e+02 
6.0350661e+21 	 3.3500000e+02 
5.8153462e+21 	 3.3600000e+02 
5.5956262e+21 	 3.3700000e+02 
5.3866137e+21 	 3.3800000e+02 
5.1910646e+21 	 3.3900000e+02 
4.9955155e+21 	 3.4000000e+02 
4.7999663e+21 	 3.4100000e+02 
4.6044172e+21 	 3.4200000e+02 
4.4292592e+21 	 3.4300000e+02 
4.2788161e+21 	 3.4400000e+02 
4.1283731e+21 	 3.4500000e+02 
3.9779300e+21 	 3.4600000e+02 
3.8274869e+21 	 3.4700000e+02 
3.6418945e+21 	 3.4800000e+02 
3.4164406e+21 	 3.4900000e+02 
3.1909867e+21 	 3.5000000e+02 
2.9655328e+21 	 3.5100000e+02 
2.7400789e+21 	 3.5200000e+02 
2.6141921e+21 	 3.5300000e+02 
2.6451231e+21 	 3.5400000e+02 
2.6760540e+21 	 3.5500000e+02 
2.7069850e+21 	 3.5600000e+02 
2.7379160e+21 	 3.5700000e+02 
2.7524143e+21 	 3.5800000e+02 
2.7524225e+21 	 3.5900000e+02 
2.7524307e+21 	 3.6000000e+02 
2.7524389e+21 	 3.6100000e+02 
2.7524471e+21 	 3.6200000e+02 
2.7575925e+21 	 3.6300000e+02 
2.7655691e+21 	 3.6400000e+02 
2.7735458e+21 	 3.6500000e+02 
2.7815224e+21 	 3.6600000e+02 
2.7894990e+21 	 3.6700000e+02 
2.7975619e+21 	 3.6800000e+02 
2.8056512e+21 	 3.6900000e+02 
2.8137405e+21 	 3.7000000e+02 
2.8218299e+21 	 3.7100000e+02 
2.8299192e+21 	 3.7200000e+02 
2.8381102e+21 	 3.7300000e+02 
2.8463143e+21 	 3.7400000e+02 
2.8545184e+21 	 3.7500000e+02 
2.8627225e+21 	 3.7600000e+02 
2.8709274e+21 	 3.7700000e+02 
2.8792483e+21 	 3.7800000e+02 
2.8875693e+21 	 3.7900000e+02 
2.8958902e+21 	 3.8000000e+02 
2.9042112e+21 	 3.8100000e+02 
2.9125470e+21 	 3.8200000e+02 
2.9209847e+21 	 3.8300000e+02 
2.9294225e+21 	 3.8400000e+02 
2.9378602e+21 	 3.8500000e+02 
2.9462979e+21 	 3.8600000e+02 
2.9547652e+21 	 3.8700000e+02 
2.9633218e+21 	 3.8800000e+02 
2.9718784e+21 	 3.8900000e+02 
2.9804350e+21 	 3.9000000e+02 
2.9889916e+21 	 3.9100000e+02 
2.9975936e+21 	 3.9200000e+02 
3.0062732e+21 	 3.9300000e+02 
3.0149528e+21 	 3.9400000e+02 
3.0236324e+21 	 3.9500000e+02 
3.0323120e+21 	 3.9600000e+02 
3.0454321e+21 	 3.9700000e+02 
3.0631770e+21 	 3.9800000e+02 
3.0809219e+21 	 3.9900000e+02 
3.0986668e+21 	 4.0000000e+02 
3.1164116e+21 	 4.0100000e+02 
3.0906687e+21 	 4.0200000e+02 
3.1086660e+21 	 4.0300000e+02 
3.1266634e+21 	 4.0400000e+02 
3.1446608e+21 	 4.0500000e+02 
3.1626582e+21 	 4.0600000e+02 
3.1365776e+21 	 4.0700000e+02 
3.1548295e+21 	 4.0800000e+02 
3.1730814e+21 	 4.0900000e+02 
3.1913333e+21 	 4.1000000e+02 
3.2095852e+21 	 4.1100000e+02 
3.1831699e+21 	 4.1200000e+02 
3.2016784e+21 	 4.1300000e+02 
3.2201868e+21 	 4.1400000e+02 
3.2386953e+21 	 4.1500000e+02 
3.2572037e+21 	 4.1600000e+02 
3.2212453e+21 	 4.1700000e+02 
3.2305541e+21 	 4.1800000e+02 
3.2398628e+21 	 4.1900000e+02 
3.2491716e+21 	 4.2000000e+02 
3.2593899e+21 	 4.2100000e+02 
3.2784259e+21 	 4.2200000e+02 
3.2974619e+21 	 4.2300000e+02 
3.3164979e+21 	 4.2400000e+02 
3.3355339e+21 	 4.2500000e+02 
3.3078061e+21 	 4.2600000e+02 
3.3271131e+21 	 4.2700000e+02 
3.3464200e+21 	 4.2800000e+02 
3.3657270e+21 	 4.2900000e+02 
3.3850339e+21 	 4.3000000e+02 
3.4011013e+21 	 4.3100000e+02 
3.4109470e+21 	 4.3200000e+02 
3.4207927e+21 	 4.3300000e+02 
3.4306385e+21 	 4.3400000e+02 
3.4404842e+21 	 4.3500000e+02 
3.4503955e+21 	 4.3600000e+02 
3.4603826e+21 	 4.3700000e+02 
3.4703698e+21 	 4.3800000e+02 
3.4803570e+21 	 4.3900000e+02 
3.4903441e+21 	 4.4000000e+02 
3.5004139e+21 	 4.4100000e+02 
3.5105424e+21 	 4.4200000e+02 
3.5206710e+21 	 4.4300000e+02 
3.5307996e+21 	 4.4400000e+02 
3.5409281e+21 	 4.4500000e+02 
3.5511563e+21 	 4.4600000e+02 
3.5614263e+21 	 4.4700000e+02 
3.5716963e+21 	 4.4800000e+02 
3.5819663e+21 	 4.4900000e+02 
3.5922362e+21 	 4.5000000e+02 
3.6026263e+21 	 4.5100000e+02 
3.6130419e+21 	 4.5200000e+02 
3.6234574e+21 	 4.5300000e+02 
3.6338729e+21 	 4.5400000e+02 
3.6442884e+21 	 4.5500000e+02 
3.6548435e+21 	 4.5600000e+02 
3.6654066e+21 	 4.5700000e+02 
3.6759696e+21 	 4.5800000e+02 
3.6865327e+21 	 4.5900000e+02 
3.6971059e+21 	 4.6000000e+02 
3.7078206e+21 	 4.6100000e+02 
3.7185353e+21 	 4.6200000e+02 
3.7292500e+21 	 4.6300000e+02 
3.7399647e+21 	 4.6400000e+02 
3.7507075e+21 	 4.6500000e+02 
3.7615718e+21 	 4.6600000e+02 
3.7724362e+21 	 4.6700000e+02 
3.7833005e+21 	 4.6800000e+02 
3.7941648e+21 	 4.6900000e+02 
3.8050759e+21 	 4.7000000e+02 
3.8160919e+21 	 4.7100000e+02 
3.8271079e+21 	 4.7200000e+02 
3.8381240e+21 	 4.7300000e+02 
3.8491400e+21 	 4.7400000e+02 
3.8602237e+21 	 4.7500000e+02 
3.8713975e+21 	 4.7600000e+02 
3.8825713e+21 	 4.7700000e+02 
3.8937451e+21 	 4.7800000e+02 
3.9049189e+21 	 4.7900000e+02 
3.9161795e+21 	 4.8000000e+02 
3.9275111e+21 	 4.8100000e+02 
3.9388427e+21 	 4.8200000e+02 
3.9501744e+21 	 4.8300000e+02 
3.9615060e+21 	 4.8400000e+02 
3.9729462e+21 	 4.8500000e+02 
3.9844397e+21 	 4.8600000e+02 
3.9959332e+21 	 4.8700000e+02 
4.0074267e+21 	 4.8800000e+02 
4.0189203e+21 	 4.8900000e+02 
4.0305403e+21 	 4.9000000e+02 
4.0421937e+21 	 4.9100000e+02 
4.0538470e+21 	 4.9200000e+02 
4.0655004e+21 	 4.9300000e+02 
4.0771538e+21 	 4.9400000e+02 
4.0999124e+21 	 4.9500000e+02 
4.1237433e+21 	 4.9600000e+02 
4.1475742e+21 	 4.9700000e+02 
4.1714052e+21 	 4.9800000e+02 
4.1366399e+21 	 4.9900000e+02 
4.1608094e+21 	 5.0000000e+02 
4.1849790e+21 	 5.0100000e+02 
4.2091485e+21 	 5.0200000e+02 
4.2333181e+21 	 5.0300000e+02 
4.2555829e+21 	 5.0400000e+02 
4.2679106e+21 	 5.0500000e+02 
4.2802383e+21 	 5.0600000e+02 
4.2925660e+21 	 5.0700000e+02 
4.3048937e+21 	 5.0800000e+02 
4.3172704e+21 	 5.0900000e+02 
4.3297723e+21 	 5.1000000e+02 
4.3422741e+21 	 5.1100000e+02 
4.3547760e+21 	 5.1200000e+02 
4.3672779e+21 	 5.1300000e+02 
4.3798507e+21 	 5.1400000e+02 
4.3925288e+21 	 5.1500000e+02 
4.4052069e+21 	 5.1600000e+02 
4.4178850e+21 	 5.1700000e+02 
4.4305632e+21 	 5.1800000e+02 
4.4433356e+21 	 5.1900000e+02 
4.4561941e+21 	 5.2000000e+02 
4.4690527e+21 	 5.2100000e+02 
4.4819112e+21 	 5.2200000e+02 
4.4947697e+21 	 5.2300000e+02 
4.5077443e+21 	 5.2400000e+02 
4.5207831e+21 	 5.2500000e+02 
4.5338219e+21 	 5.2600000e+02 
4.5468608e+21 	 5.2700000e+02 
4.5598996e+21 	 5.2800000e+02 
4.5730810e+21 	 5.2900000e+02 
4.5863064e+21 	 5.3000000e+02 
4.5995317e+21 	 5.3100000e+02 
4.6127571e+21 	 5.3200000e+02 
4.6259824e+21 	 5.3300000e+02 
4.6393710e+21 	 5.3400000e+02 
4.6527808e+21 	 5.3500000e+02 
4.6661906e+21 	 5.3600000e+02 
4.6796004e+21 	 5.3700000e+02 
4.6930940e+21 	 5.3800000e+02 
4.7205191e+21 	 5.3900000e+02 
4.7479441e+21 	 5.4000000e+02 
4.7753692e+21 	 5.4100000e+02 
4.8027943e+21 	 5.4200000e+02 
4.7628242e+21 	 5.4300000e+02 
4.7906351e+21 	 5.4400000e+02 
4.8184460e+21 	 5.4500000e+02 
4.8462569e+21 	 5.4600000e+02 
4.8740678e+21 	 5.4700000e+02 
4.9020807e+21 	 5.4800000e+02 
4.9306840e+21 	 5.4900000e+02 
4.9592872e+21 	 5.5000000e+02 
4.9878905e+21 	 5.5100000e+02 
5.0164938e+21 	 5.5200000e+02 
4.9749061e+21 	 5.5300000e+02 
5.0039137e+21 	 5.5400000e+02 
5.0329213e+21 	 5.5500000e+02 
5.0619289e+21 	 5.5600000e+02 
5.0909364e+21 	 5.5700000e+02 
5.1127839e+21 	 5.5800000e+02 
5.1275791e+21 	 5.5900000e+02 
5.1423744e+21 	 5.6000000e+02 
5.1571697e+21 	 5.6100000e+02 
5.1719650e+21 	 5.6200000e+02 
5.1964158e+21 	 5.6300000e+02 
5.2266714e+21 	 5.6400000e+02 
5.2569270e+21 	 5.6500000e+02 
5.2871825e+21 	 5.6600000e+02 
5.3174381e+21 	 5.6700000e+02 
5.2736068e+21 	 5.6800000e+02 
5.3042894e+21 	 5.6900000e+02 
5.3349720e+21 	 5.7000000e+02 
5.3656545e+21 	 5.7100000e+02 
5.3963371e+21 	 5.7200000e+02 
5.4138894e+21 	 5.7300000e+02 
5.4295393e+21 	 5.7400000e+02 
5.4451892e+21 	 5.7500000e+02 
5.4608390e+21 	 5.7600000e+02 
5.4764889e+21 	 5.7700000e+02 
5.5083982e+21 	 5.7800000e+02 
5.5404027e+21 	 5.7900000e+02 
5.5724071e+21 	 5.8000000e+02 
5.6044116e+21 	 5.8100000e+02 
5.5577595e+21 	 5.8200000e+02 
5.5902156e+21 	 5.8300000e+02 
5.6226716e+21 	 5.8400000e+02 
5.6551277e+21 	 5.8500000e+02 
5.6875837e+21 	 5.8600000e+02 
5.7161740e+21 	 5.8700000e+02 
5.7327277e+21 	 5.8800000e+02 
5.7492815e+21 	 5.8900000e+02 
5.7658352e+21 	 5.9000000e+02 
5.7823889e+21 	 5.9100000e+02 
5.8052360e+21 	 5.9200000e+02 
5.8390878e+21 	 5.9300000e+02 
5.8729396e+21 	 5.9400000e+02 
5.9067914e+21 	 5.9500000e+02 
5.9406433e+21 	 5.9600000e+02 
5.8914750e+21 	 5.9700000e+02 
5.9258050e+21 	 5.9800000e+02 
5.9601350e+21 	 5.9900000e+02 
5.9944650e+21 	 6.0000000e+02 
6.0287950e+21 	 6.0100000e+02 
6.0637237e+21 	 6.0200000e+02 
6.0990309e+21 	 6.0300000e+02 
6.1343380e+21 	 6.0400000e+02 
6.1696451e+21 	 6.0500000e+02 
6.2049523e+21 	 6.0600000e+02 
6.1537940e+21 	 6.0700000e+02 
6.1896019e+21 	 6.0800000e+02 
6.2254098e+21 	 6.0900000e+02 
6.2612177e+21 	 6.1000000e+02 
6.2970256e+21 	 6.1100000e+02 
6.3177161e+21 	 6.1200000e+02 
6.3359792e+21 	 6.1300000e+02 
6.3542422e+21 	 6.1400000e+02 
6.3725052e+21 	 6.1500000e+02 
6.3907682e+21 	 6.1600000e+02 
6.4277793e+21 	 6.1700000e+02 
6.4651267e+21 	 6.1800000e+02 
6.5024740e+21 	 6.1900000e+02 
6.5398214e+21 	 6.2000000e+02 
6.4853753e+21 	 6.2100000e+02 
6.5232502e+21 	 6.2200000e+02 
6.5611252e+21 	 6.2300000e+02 
6.5990002e+21 	 6.2400000e+02 
6.6368751e+21 	 6.2500000e+02 
6.6704582e+21 	 6.2600000e+02 
6.6897766e+21 	 6.2700000e+02 
6.7090951e+21 	 6.2800000e+02 
6.7284136e+21 	 6.2900000e+02 
6.7477320e+21 	 6.3000000e+02 
6.7741565e+21 	 6.3100000e+02 
6.8136612e+21 	 6.3200000e+02 
6.8531659e+21 	 6.3300000e+02 
6.8926707e+21 	 6.3400000e+02 
6.9321754e+21 	 6.3500000e+02 
6.8747898e+21 	 6.3600000e+02 
6.9148529e+21 	 6.3700000e+02 
6.9549159e+21 	 6.3800000e+02 
6.9949790e+21 	 6.3900000e+02 
7.0350420e+21 	 6.4000000e+02 
7.0633103e+21 	 6.4100000e+02 
7.0837457e+21 	 6.4200000e+02 
7.1041811e+21 	 6.4300000e+02 
7.1246166e+21 	 6.4400000e+02 
7.1450520e+21 	 6.4500000e+02 
7.1656945e+21 	 6.4600000e+02 
7.1864169e+21 	 6.4700000e+02 
7.2071393e+21 	 6.4800000e+02 
7.2278617e+21 	 6.4900000e+02 
7.2485841e+21 	 6.5000000e+02 
7.2875495e+21 	 6.5100000e+02 
7.3299278e+21 	 6.5200000e+02 
7.3723062e+21 	 6.5300000e+02 
7.4146845e+21 	 6.5400000e+02 
7.4570628e+21 	 6.5500000e+02 
7.3957932e+21 	 6.5600000e+02 
7.4387710e+21 	 6.5700000e+02 
7.4817487e+21 	 6.5800000e+02 
7.5247265e+21 	 6.5900000e+02 
7.5657816e+21 	 6.6000000e+02 
7.5877029e+21 	 6.6100000e+02 
7.6096243e+21 	 6.6200000e+02 
7.6315456e+21 	 6.6300000e+02 
7.6534669e+21 	 6.6400000e+02 
7.6802443e+21 	 6.6500000e+02 
7.7250674e+21 	 6.6600000e+02 
7.7698905e+21 	 6.6700000e+02 
7.8147135e+21 	 6.6800000e+02 
7.8595366e+21 	 6.6900000e+02 
7.7943368e+21 	 6.7000000e+02 
7.8397942e+21 	 6.7100000e+02 
7.8852515e+21 	 6.7200000e+02 
7.9307089e+21 	 6.7300000e+02 
7.9761662e+21 	 6.7400000e+02 
8.0113585e+21 	 6.7500000e+02 
8.0345464e+21 	 6.7600000e+02 
8.0577342e+21 	 6.7700000e+02 
8.0809221e+21 	 6.7800000e+02 
8.1041100e+21 	 6.7900000e+02 
8.1274887e+21 	 6.8000000e+02 
8.1510046e+21 	 6.8100000e+02 
8.1745204e+21 	 6.8200000e+02 
8.1980363e+21 	 6.8300000e+02 
8.2215522e+21 	 6.8400000e+02 
8.2623256e+21 	 6.8500000e+02 
8.3104102e+21 	 6.8600000e+02 
8.3584948e+21 	 6.8700000e+02 
8.4065794e+21 	 6.8800000e+02 
8.4546640e+21 	 6.8900000e+02 
8.3850502e+21 	 6.9000000e+02 
8.4338143e+21 	 6.9100000e+02 
8.4825784e+21 	 6.9200000e+02 
8.5313425e+21 	 6.9300000e+02 
8.5801067e+21 	 6.9400000e+02 
8.6061420e+21 	 6.9500000e+02 
8.6310146e+21 	 6.9600000e+02 
8.6558872e+21 	 6.9700000e+02 
8.6807597e+21 	 6.9800000e+02 
8.7075051e+21 	 6.9900000e+02 
8.7583670e+21 	 7.0000000e+02 
8.8092289e+21 	 7.0100000e+02 
8.8600908e+21 	 7.0200000e+02 
8.9109527e+21 	 7.0300000e+02 
8.8368646e+21 	 7.0400000e+02 
8.8884469e+21 	 7.0500000e+02 
8.9400293e+21 	 7.0600000e+02 
8.9916117e+21 	 7.0700000e+02 
9.0431940e+21 	 7.0800000e+02 
9.0952475e+21 	 7.0900000e+02 
9.1482974e+21 	 7.1000000e+02 
9.2013474e+21 	 7.1100000e+02 
9.2543974e+21 	 7.1200000e+02 
9.3074474e+21 	 7.1300000e+02 
9.2303540e+21 	 7.1400000e+02 
9.2841553e+21 	 7.1500000e+02 
9.3379565e+21 	 7.1600000e+02 
9.3917578e+21 	 7.1700000e+02 
9.4455590e+21 	 7.1800000e+02 
9.3674671e+21 	 7.1900000e+02 
9.4220277e+21 	 7.2000000e+02 
9.4765883e+21 	 7.2100000e+02 
9.5311489e+21 	 7.2200000e+02 
9.5857095e+21 	 7.2300000e+02 
9.5066115e+21 	 7.2400000e+02 
9.5619440e+21 	 7.2500000e+02 
9.6172765e+21 	 7.2600000e+02 
9.6726090e+21 	 7.2700000e+02 
9.7279415e+21 	 7.2800000e+02 
9.6478205e+21 	 7.2900000e+02 
9.7039350e+21 	 7.3000000e+02 
9.7600496e+21 	 7.3100000e+02 
9.8161641e+21 	 7.3200000e+02 
9.8722787e+21 	 7.3300000e+02 
9.8761148e+21 	 7.3400000e+02 
9.8761414e+21 	 7.3500000e+02 
9.8761680e+21 	 7.3600000e+02 
9.8761946e+21 	 7.3700000e+02 
9.8775188e+21 	 7.3800000e+02 
9.9061461e+21 	 7.3900000e+02 
9.9347733e+21 	 7.4000000e+02 
9.9634005e+21 	 7.4100000e+02 
9.9920278e+21 	 7.4200000e+02 
1.0020720e+22 	 7.4300000e+02 
1.0049741e+22 	 7.4400000e+02 
1.0078762e+22 	 7.4500000e+02 
1.0107783e+22 	 7.4600000e+02 
1.0136803e+22 	 7.4700000e+02 
1.0165942e+22 	 7.4800000e+02 
1.0195372e+22 	 7.4900000e+02 
1.0224803e+22 	 7.5000000e+02 
1.0254234e+22 	 7.5100000e+02 
1.0283664e+22 	 7.5200000e+02 
1.0313270e+22 	 7.5300000e+02 
1.0343131e+22 	 7.5400000e+02 
1.0372993e+22 	 7.5500000e+02 
1.0402854e+22 	 7.5600000e+02 
1.0432715e+22 	 7.5700000e+02 
1.0462792e+22 	 7.5800000e+02 
1.0493063e+22 	 7.5900000e+02 
1.0523334e+22 	 7.6000000e+02 
1.0553605e+22 	 7.6100000e+02 
1.0583876e+22 	 7.6200000e+02 
1.0614439e+22 	 7.6300000e+02 
1.0645161e+22 	 7.6400000e+02 
1.0675883e+22 	 7.6500000e+02 
1.0706605e+22 	 7.6600000e+02 
1.0737327e+22 	 7.6700000e+02 
1.0768364e+22 	 7.6800000e+02 
1.0799496e+22 	 7.6900000e+02 
1.0830627e+22 	 7.7000000e+02 
1.0861759e+22 	 7.7100000e+02 
1.0892891e+22 	 7.7200000e+02 
1.0924424e+22 	 7.7300000e+02 
1.0956007e+22 	 7.7400000e+02 
1.0987589e+22 	 7.7500000e+02 
1.1019172e+22 	 7.7600000e+02 
1.1050760e+22 	 7.7700000e+02 
1.1082773e+22 	 7.7800000e+02 
1.1114786e+22 	 7.7900000e+02 
1.1146799e+22 	 7.8000000e+02 
1.1178812e+22 	 7.8100000e+02 
1.1210887e+22 	 7.8200000e+02 
1.1243371e+22 	 7.8300000e+02 
1.1275856e+22 	 7.8400000e+02 
1.1308340e+22 	 7.8500000e+02 
1.1340824e+22 	 7.8600000e+02 
1.1373423e+22 	 7.8700000e+02 
1.1406358e+22 	 7.8800000e+02 
1.1439293e+22 	 7.8900000e+02 
1.1472229e+22 	 7.9000000e+02 
1.1505164e+22 	 7.9100000e+02 
1.1538275e+22 	 7.9200000e+02 
1.1571682e+22 	 7.9300000e+02 
1.1605088e+22 	 7.9400000e+02 
1.1638495e+22 	 7.9500000e+02 
1.1671902e+22 	 7.9600000e+02 
1.1705542e+22 	 7.9700000e+02 
1.1739420e+22 	 7.9800000e+02 
1.1773298e+22 	 7.9900000e+02 
1.1807176e+22 	 8.0000000e+02 
1.1841054e+22 	 8.0100000e+02 
1.1875221e+22 	 8.0200000e+02 
1.1909571e+22 	 8.0300000e+02 
1.1943920e+22 	 8.0400000e+02 
1.1978270e+22 	 8.0500000e+02 
1.2012619e+22 	 8.0600000e+02 
1.2047330e+22 	 8.0700000e+02 
1.2082172e+22 	 8.0800000e+02 
1.2117013e+22 	 8.0900000e+02 
1.2151854e+22 	 8.1000000e+02 
1.2186696e+22 	 8.1100000e+02 
1.2191735e+22 	 8.1200000e+02 
1.2191776e+22 	 8.1300000e+02 
1.2191817e+22 	 8.1400000e+02 
1.2191858e+22 	 8.1500000e+02 
1.2191899e+22 	 8.1600000e+02 
1.2226161e+22 	 8.1700000e+02 
1.2261494e+22 	 8.1800000e+02 
1.2296827e+22 	 8.1900000e+02 
1.2332161e+22 	 8.2000000e+02 
1.2367538e+22 	 8.2100000e+02 
1.2403363e+22 	 8.2200000e+02 
1.2439188e+22 	 8.2300000e+02 
1.2475013e+22 	 8.2400000e+02 
1.2510838e+22 	 8.2500000e+02 
1.2546772e+22 	 8.2600000e+02 
1.2583109e+22 	 8.2700000e+02 
1.2619447e+22 	 8.2800000e+02 
1.2655784e+22 	 8.2900000e+02 
1.2692121e+22 	 8.3000000e+02 
1.2716414e+22 	 8.3100000e+02 
1.2716455e+22 	 8.3200000e+02 
1.2716495e+22 	 8.3300000e+02 
1.2716536e+22 	 8.3400000e+02 
1.2716577e+22 	 8.3500000e+02 
1.2733003e+22 	 8.3600000e+02 
1.2769853e+22 	 8.3700000e+02 
1.2806703e+22 	 8.3800000e+02 
1.2843553e+22 	 8.3900000e+02 
1.2880403e+22 	 8.4000000e+02 
1.2917554e+22 	 8.4100000e+02 
1.2954937e+22 	 8.4200000e+02 
1.2992319e+22 	 8.4300000e+02 
1.3029702e+22 	 8.4400000e+02 
1.3067085e+22 	 8.4500000e+02 
1.3104819e+22 	 8.4600000e+02 
1.3142714e+22 	 8.4700000e+02 
1.3180609e+22 	 8.4800000e+02 
1.3218504e+22 	 8.4900000e+02 
1.3256399e+22 	 8.5000000e+02 
1.3263733e+22 	 8.5100000e+02 
1.3263774e+22 	 8.5200000e+02 
1.3263815e+22 	 8.5300000e+02 
1.3263856e+22 	 8.5400000e+02 
1.3263897e+22 	 8.5500000e+02 
1.3299297e+22 	 8.5600000e+02 
1.3337745e+22 	 8.5700000e+02 
1.3376194e+22 	 8.5800000e+02 
1.3414642e+22 	 8.5900000e+02 
1.3453113e+22 	 8.6000000e+02 
1.3492094e+22 	 8.6100000e+02 
1.3531075e+22 	 8.6200000e+02 
1.3570056e+22 	 8.6300000e+02 
1.3609038e+22 	 8.6400000e+02 
1.3648109e+22 	 8.6500000e+02 
1.3687643e+22 	 8.6600000e+02 
1.3727178e+22 	 8.6700000e+02 
1.3766712e+22 	 8.6800000e+02 
1.3806247e+22 	 8.6900000e+02 
1.3834612e+22 	 8.7000000e+02 
1.3834653e+22 	 8.7100000e+02 
1.3834693e+22 	 8.7200000e+02 
1.3834734e+22 	 8.7300000e+02 
1.3834775e+22 	 8.7400000e+02 
1.3850680e+22 	 8.7500000e+02 
1.3890768e+22 	 8.7600000e+02 
1.3930856e+22 	 8.7700000e+02 
1.3970944e+22 	 8.7800000e+02 
1.4011032e+22 	 8.7900000e+02 
1.4051416e+22 	 8.8000000e+02 
1.4092078e+22 	 8.8100000e+02 
1.4132740e+22 	 8.8200000e+02 
1.4173402e+22 	 8.8300000e+02 
1.4214063e+22 	 8.8400000e+02 
1.4228826e+22 	 8.8500000e+02 
1.4228867e+22 	 8.8600000e+02 
1.4228908e+22 	 8.8700000e+02 
1.4228949e+22 	 8.8800000e+02 
1.4228990e+22 	 8.8900000e+02 
1.4259963e+22 	 8.9000000e+02 
1.4301199e+22 	 8.9100000e+02 
1.4342434e+22 	 8.9200000e+02 
1.4383670e+22 	 8.9300000e+02 
1.4424906e+22 	 8.9400000e+02 
1.4466660e+22 	 8.9500000e+02 
1.4508490e+22 	 8.9600000e+02 
1.4550320e+22 	 8.9700000e+02 
1.4592150e+22 	 8.9800000e+02 
1.4633980e+22 	 8.9900000e+02 
1.4676379e+22 	 9.0000000e+02 
1.4718783e+22 	 9.0100000e+02 
1.4761187e+22 	 9.0200000e+02 
1.4803591e+22 	 9.0300000e+02 
1.4846065e+22 	 9.0400000e+02 
1.4889083e+22 	 9.0500000e+02 
1.4932102e+22 	 9.0600000e+02 
1.4975121e+22 	 9.0700000e+02 
1.5018139e+22 	 9.0800000e+02 
1.5051110e+22 	 9.0900000e+02 
1.5051150e+22 	 9.1000000e+02 
1.5051191e+22 	 9.1100000e+02 
1.5051232e+22 	 9.1200000e+02 
1.5051273e+22 	 9.1300000e+02 
1.5066438e+22 	 9.1400000e+02 
1.5110051e+22 	 9.1500000e+02 
1.5153664e+22 	 9.1600000e+02 
1.5197277e+22 	 9.1700000e+02 
1.5240890e+22 	 9.1800000e+02 
1.5284791e+22 	 9.1900000e+02 
1.5329019e+22 	 9.2000000e+02 
1.5373247e+22 	 9.2100000e+02 
1.5417475e+22 	 9.2200000e+02 
1.5461703e+22 	 9.2300000e+02 
1.5479924e+22 	 9.2400000e+02 
1.5479965e+22 	 9.2500000e+02 
1.5480006e+22 	 9.2600000e+02 
1.5480047e+22 	 9.2700000e+02 
1.5480088e+22 	 9.2800000e+02 
1.5511588e+22 	 9.2900000e+02 
1.5556451e+22 	 9.3000000e+02 
1.5601314e+22 	 9.3100000e+02 
1.5646178e+22 	 9.3200000e+02 
1.5691041e+22 	 9.3300000e+02 
1.5736427e+22 	 9.3400000e+02 
1.5781925e+22 	 9.3500000e+02 
1.5827424e+22 	 9.3600000e+02 
1.5872923e+22 	 9.3700000e+02 
1.5918421e+22 	 9.3800000e+02 
1.5964539e+22 	 9.3900000e+02 
1.6010693e+22 	 9.4000000e+02 
1.6056848e+22 	 9.4100000e+02 
1.6103002e+22 	 9.4200000e+02 
1.6146203e+22 	 9.4300000e+02 
1.6146244e+22 	 9.4400000e+02 
1.6146284e+22 	 9.4500000e+02 
1.6146325e+22 	 9.4600000e+02 
1.6146366e+22 	 9.4700000e+02 
1.6154698e+22 	 9.4800000e+02 
1.6201488e+22 	 9.4900000e+02 
1.6248278e+22 	 9.5000000e+02 
1.6295068e+22 	 9.5100000e+02 
1.6341857e+22 	 9.5200000e+02 
1.6388849e+22 	 9.5300000e+02 
1.6436315e+22 	 9.5400000e+02 
1.6483781e+22 	 9.5500000e+02 
1.6531247e+22 	 9.5600000e+02 
1.6578713e+22 	 9.5700000e+02 
1.6626454e+22 	 9.5800000e+02 
1.6674576e+22 	 9.5900000e+02 
1.6722698e+22 	 9.6000000e+02 
1.6770820e+22 	 9.6100000e+02 
1.6818942e+22 	 9.6200000e+02 
1.6841122e+22 	 9.6300000e+02 
1.6841163e+22 	 9.6400000e+02 
1.6841204e+22 	 9.6500000e+02 
1.6841245e+22 	 9.6600000e+02 
1.6841286e+22 	 9.6700000e+02 
1.6873157e+22 	 9.6800000e+02 
1.6921955e+22 	 9.6900000e+02 
1.6970754e+22 	 9.7000000e+02 
1.7019552e+22 	 9.7100000e+02 
1.7068350e+22 	 9.7200000e+02 
1.7117703e+22 	 9.7300000e+02 
1.7167219e+22 	 9.7400000e+02 
1.7216734e+22 	 9.7500000e+02 
1.7266250e+22 	 9.7600000e+02 
1.7315766e+22 	 9.7700000e+02 
1.7365886e+22 	 9.7800000e+02 
1.7416078e+22 	 9.7900000e+02 
1.7466271e+22 	 9.8000000e+02 
1.7516463e+22 	 9.8100000e+02 
1.7565901e+22 	 9.8200000e+02 
1.7565942e+22 	 9.8300000e+02 
1.7565982e+22 	 9.8400000e+02 
1.7566023e+22 	 9.8500000e+02 
1.7566064e+22 	 9.8600000e+02 
1.7572633e+22 	 9.8700000e+02 
1.7623542e+22 	 9.8800000e+02 
1.7674451e+22 	 9.8900000e+02 
1.7725361e+22 	 9.9000000e+02 
1.7776270e+22 	 9.9100000e+02 
1.7827358e+22 	 9.9200000e+02 
1.7878985e+22 	 9.9300000e+02 
1.7930611e+22 	 9.9400000e+02 
1.7982238e+22 	 9.9500000e+02 
1.8033864e+22 	 9.9600000e+02 
1.8066423e+22 	 9.9700000e+02 
1.8066484e+22 	 9.9800000e+02 
1.8066545e+22 	 9.9900000e+02 
1.8066607e+22 	 1.0000000e+03 
1.8066668e+22 	 1.0010000e+03 
1.8091986e+22 	 1.0020000e+03 
1.8144330e+22 	 1.0030000e+03 
1.8196674e+22 	 1.0040000e+03 
1.8249018e+22 	 1.0050000e+03 
1.8301362e+22 	 1.0060000e+03 
1.8322137e+22 	 1.0070000e+03 
1.8322198e+22 	 1.0080000e+03 
1.8322260e+22 	 1.0090000e+03 
1.8322321e+22 	 1.0100000e+03 
1.8322383e+22 	 1.0110000e+03 
1.8360479e+22 	 1.0120000e+03 
1.8413582e+22 	 1.0130000e+03 
1.8466684e+22 	 1.0140000e+03 
1.8519786e+22 	 1.0150000e+03 
1.8572889e+22 	 1.0160000e+03 
1.8626609e+22 	 1.0170000e+03 
1.8680449e+22 	 1.0180000e+03 
1.8734289e+22 	 1.0190000e+03 
1.8788129e+22 	 1.0200000e+03 
1.8841969e+22 	 1.0210000e+03 
1.8844259e+22 	 1.0220000e+03 
1.8844320e+22 	 1.0230000e+03 
1.8844382e+22 	 1.0240000e+03 
1.8844443e+22 	 1.0250000e+03 
1.8848423e+22 	 1.0260000e+03 
1.8903022e+22 	 1.0270000e+03 
1.8957620e+22 	 1.0280000e+03 
1.9012218e+22 	 1.0290000e+03 
1.9066817e+22 	 1.0300000e+03 
1.9121569e+22 	 1.0310000e+03 
1.9176967e+22 	 1.0320000e+03 
1.9232365e+22 	 1.0330000e+03 
1.9287762e+22 	 1.0340000e+03 
1.9343160e+22 	 1.0350000e+03 
1.9381213e+22 	 1.0360000e+03 
1.9381254e+22 	 1.0370000e+03 
1.9381295e+22 	 1.0380000e+03 
1.9381336e+22 	 1.0390000e+03 
1.9381377e+22 	 1.0400000e+03 
1.9405366e+22 	 1.0410000e+03 
1.9461542e+22 	 1.0420000e+03 
1.9517719e+22 	 1.0430000e+03 
1.9573895e+22 	 1.0440000e+03 
1.9630072e+22 	 1.0450000e+03 
1.9686674e+22 	 1.0460000e+03 
1.9743630e+22 	 1.0470000e+03 
1.9800585e+22 	 1.0480000e+03 
1.9857540e+22 	 1.0490000e+03 
1.9914495e+22 	 1.0500000e+03 
1.9933441e+22 	 1.0510000e+03 
1.9933502e+22 	 1.0520000e+03 
1.9933564e+22 	 1.0530000e+03 
1.9933625e+22 	 1.0540000e+03 
1.9933687e+22 	 1.0550000e+03 
1.9978844e+22 	 1.0560000e+03 
2.0036619e+22 	 1.0570000e+03 
2.0094394e+22 	 1.0580000e+03 
2.0152169e+22 	 1.0590000e+03 
2.0209944e+22 	 1.0600000e+03 
2.0215637e+22 	 1.0610000e+03 
2.0215678e+22 	 1.0620000e+03 
2.0215719e+22 	 1.0630000e+03 
2.0215760e+22 	 1.0640000e+03 
2.0216702e+22 	 1.0650000e+03 
2.0275297e+22 	 1.0660000e+03 
2.0333892e+22 	 1.0670000e+03 
2.0392487e+22 	 1.0680000e+03 
2.0451082e+22 	 1.0690000e+03 
2.0509788e+22 	 1.0700000e+03 
2.0569203e+22 	 1.0710000e+03 
2.0628617e+22 	 1.0720000e+03 
2.0688032e+22 	 1.0730000e+03 
2.0747447e+22 	 1.0740000e+03 
2.0791616e+22 	 1.0750000e+03 
2.0791677e+22 	 1.0760000e+03 
2.0791739e+22 	 1.0770000e+03 
2.0791800e+22 	 1.0780000e+03 
2.0791861e+22 	 1.0790000e+03 
2.0814203e+22 	 1.0800000e+03 
2.0874458e+22 	 1.0810000e+03 
2.0934713e+22 	 1.0820000e+03 
2.0994968e+22 	 1.0830000e+03 
2.1055223e+22 	 1.0840000e+03 
2.1115901e+22 	 1.0850000e+03 
2.1177016e+22 	 1.0860000e+03 
2.1238132e+22 	 1.0870000e+03 
2.1299248e+22 	 1.0880000e+03 
2.1360364e+22 	 1.0890000e+03 
2.1384125e+22 	 1.0900000e+03 
2.1384166e+22 	 1.0910000e+03 
2.1384207e+22 	 1.0920000e+03 
2.1384248e+22 	 1.0930000e+03 
2.1384289e+22 	 1.0940000e+03 
2.1429227e+22 	 1.0950000e+03 
2.1491204e+22 	 1.0960000e+03 
2.1553180e+22 	 1.0970000e+03 
2.1615157e+22 	 1.0980000e+03 
2.1677133e+22 	 1.0990000e+03 
2.1686752e+22 	 1.1000000e+03 
2.1686813e+22 	 1.1010000e+03 
2.1686875e+22 	 1.1020000e+03 
2.1686936e+22 	 1.1030000e+03 
2.1686997e+22 	 1.1040000e+03 
2.1747276e+22 	 1.1050000e+03 
2.1810134e+22 	 1.1060000e+03 
2.1872992e+22 	 1.1070000e+03 
2.1935849e+22 	 1.1080000e+03 
2.1998777e+22 	 1.1090000e+03 
2.2062517e+22 	 1.1100000e+03 
2.2126256e+22 	 1.1110000e+03 
2.2189995e+22 	 1.1120000e+03 
2.2253734e+22 	 1.1130000e+03 
2.2304712e+22 	 1.1140000e+03 
2.2304774e+22 	 1.1150000e+03 
2.2304835e+22 	 1.1160000e+03 
2.2304896e+22 	 1.1170000e+03 
2.2304958e+22 	 1.1180000e+03 
2.2325277e+22 	 1.1190000e+03 
2.2389918e+22 	 1.1200000e+03 
2.2454558e+22 	 1.1210000e+03 
2.2519199e+22 	 1.1220000e+03 
2.2583840e+22 	 1.1230000e+03 
2.2648882e+22 	 1.1240000e+03 
2.2714445e+22 	 1.1250000e+03 
2.2780008e+22 	 1.1260000e+03 
2.2845571e+22 	 1.1270000e+03 
2.2911134e+22 	 1.1280000e+03 
2.2940323e+22 	 1.1290000e+03 
2.2940364e+22 	 1.1300000e+03 
2.2940405e+22 	 1.1310000e+03 
2.2940446e+22 	 1.1320000e+03 
2.2940486e+22 	 1.1330000e+03 
2.2984941e+22 	 1.1340000e+03 
2.3051427e+22 	 1.1350000e+03 
2.3117912e+22 	 1.1360000e+03 
2.3184398e+22 	 1.1370000e+03 
2.3250883e+22 	 1.1380000e+03 
2.3264948e+22 	 1.1390000e+03 
2.3265010e+22 	 1.1400000e+03 
2.3265071e+22 	 1.1410000e+03 
2.3265133e+22 	 1.1420000e+03 
2.3265194e+22 	 1.1430000e+03 
2.3326051e+22 	 1.1440000e+03 
2.3393480e+22 	 1.1450000e+03 
2.3460908e+22 	 1.1460000e+03 
2.3528336e+22 	 1.1470000e+03 
2.3595787e+22 	 1.1480000e+03 
2.3664178e+22 	 1.1490000e+03 
2.3732569e+22 	 1.1500000e+03 
2.3800961e+22 	 1.1510000e+03 
2.3869352e+22 	 1.1520000e+03 
2.3927909e+22 	 1.1530000e+03 
2.3927970e+22 	 1.1540000e+03 
2.3928032e+22 	 1.1550000e+03 
2.3928093e+22 	 1.1560000e+03 
2.3928154e+22 	 1.1570000e+03 
2.3946034e+22 	 1.1580000e+03 
2.4015368e+22 	 1.1590000e+03 
2.4084702e+22 	 1.1600000e+03 
2.4154037e+22 	 1.1610000e+03 
2.4223371e+22 	 1.1620000e+03 
2.4293084e+22 	 1.1630000e+03 
2.4363423e+22 	 1.1640000e+03 
2.4433762e+22 	 1.1650000e+03 
2.4504100e+22 	 1.1660000e+03 
2.4574439e+22 	 1.1670000e+03 
2.4609731e+22 	 1.1680000e+03 
2.4609792e+22 	 1.1690000e+03 
2.4609853e+22 	 1.1700000e+03 
2.4609915e+22 	 1.1710000e+03 
2.4609976e+22 	 1.1720000e+03 
2.4653648e+22 	 1.1730000e+03 
2.4724970e+22 	 1.1740000e+03 
2.4796292e+22 	 1.1750000e+03 
2.4867614e+22 	 1.1760000e+03 
2.4938936e+22 	 1.1770000e+03 
2.4958045e+22 	 1.1780000e+03 
2.4958106e+22 	 1.1790000e+03 
2.4958168e+22 	 1.1800000e+03 
2.4958229e+22 	 1.1810000e+03 
2.4958291e+22 	 1.1820000e+03 
2.5019488e+22 	 1.1830000e+03 
2.5091815e+22 	 1.1840000e+03 
2.5164141e+22 	 1.1850000e+03 
2.5236467e+22 	 1.1860000e+03 
2.5308794e+22 	 1.1870000e+03 
2.5311279e+22 	 1.1880000e+03 
2.5311361e+22 	 1.1890000e+03 
2.5311443e+22 	 1.1900000e+03 
2.5311525e+22 	 1.1910000e+03 
2.5317470e+22 	 1.1920000e+03 
2.5390821e+22 	 1.1930000e+03 
2.5464172e+22 	 1.1940000e+03 
2.5537523e+22 	 1.1950000e+03 
2.5610874e+22 	 1.1960000e+03 
2.5669512e+22 	 1.1970000e+03 
2.5669574e+22 	 1.1980000e+03 
2.5669635e+22 	 1.1990000e+03 
2.5669696e+22 	 1.2000000e+03 
2.5669758e+22 	 1.2010000e+03 
2.5693163e+22 	 1.2020000e+03 
2.5767559e+22 	 1.2030000e+03 
2.5841956e+22 	 1.2040000e+03 
2.5916353e+22 	 1.2050000e+03 
2.5990750e+22 	 1.2060000e+03 
2.6032827e+22 	 1.2070000e+03 
2.6032888e+22 	 1.2080000e+03 
2.6032949e+22 	 1.2090000e+03 
2.6033011e+22 	 1.2100000e+03 
2.6033072e+22 	 1.2110000e+03 
2.6074459e+22 	 1.2120000e+03 
2.6149921e+22 	 1.2130000e+03 
2.6225383e+22 	 1.2140000e+03 
2.6300845e+22 	 1.2150000e+03 
2.6376307e+22 	 1.2160000e+03 
2.6401341e+22 	 1.2170000e+03 
2.6401402e+22 	 1.2180000e+03 
2.6401464e+22 	 1.2190000e+03 
2.6401525e+22 	 1.2200000e+03 
2.6401587e+22 	 1.2210000e+03 
2.6461436e+22 	 1.2220000e+03 
2.6537943e+22 	 1.2230000e+03 
2.6614450e+22 	 1.2240000e+03 
2.6690958e+22 	 1.2250000e+03 
2.6767465e+22 	 1.2260000e+03 
2.6774974e+22 	 1.2270000e+03 
2.6775056e+22 	 1.2280000e+03 
2.6775138e+22 	 1.2290000e+03 
2.6775219e+22 	 1.2300000e+03 
2.6776550e+22 	 1.2310000e+03 
2.6854144e+22 	 1.2320000e+03 
2.6931738e+22 	 1.2330000e+03 
2.7009331e+22 	 1.2340000e+03 
2.7086925e+22 	 1.2350000e+03 
2.7153908e+22 	 1.2360000e+03 
2.7153970e+22 	 1.2370000e+03 
2.7154031e+22 	 1.2380000e+03 
2.7154093e+22 	 1.2390000e+03 
2.7154154e+22 	 1.2400000e+03 
2.7173885e+22 	 1.2410000e+03 
2.7252586e+22 	 1.2420000e+03 
2.7331286e+22 	 1.2430000e+03 
2.7409987e+22 	 1.2440000e+03 
2.7488687e+22 	 1.2450000e+03 
2.7538230e+22 	 1.2460000e+03 
2.7538312e+22 	 1.2470000e+03 
2.7538394e+22 	 1.2480000e+03 
2.7538476e+22 	 1.2490000e+03 
2.7538558e+22 	 1.2500000e+03 
2.7577239e+22 	 1.2510000e+03 
2.7657046e+22 	 1.2520000e+03 
2.7736853e+22 	 1.2530000e+03 
2.7816660e+22 	 1.2540000e+03 
2.7896467e+22 	 1.2550000e+03 
2.7928037e+22 	 1.2560000e+03 
2.7928099e+22 	 1.2570000e+03 
2.7928160e+22 	 1.2580000e+03 
2.7928221e+22 	 1.2590000e+03 
2.7928283e+22 	 1.2600000e+03 
2.7986440e+22 	 1.2610000e+03 
2.8067395e+22 	 1.2620000e+03 
2.8148350e+22 	 1.2630000e+03 
2.8229304e+22 	 1.2640000e+03 
2.8310259e+22 	 1.2650000e+03 
2.8323352e+22 	 1.2660000e+03 
2.8323413e+22 	 1.2670000e+03 
2.8323474e+22 	 1.2680000e+03 
2.8323536e+22 	 1.2690000e+03 
2.8323597e+22 	 1.2700000e+03 
2.8401759e+22 	 1.2710000e+03 
2.8483841e+22 	 1.2720000e+03 
2.8565923e+22 	 1.2730000e+03 
2.8648005e+22 	 1.2740000e+03 
2.8724106e+22 	 1.2750000e+03 
2.8724188e+22 	 1.2760000e+03 
2.8724270e+22 	 1.2770000e+03 
2.8724352e+22 	 1.2780000e+03 
2.8724433e+22 	 1.2790000e+03 
2.8740004e+22 	 1.2800000e+03 
2.8823254e+22 	 1.2810000e+03 
2.8906504e+22 	 1.2820000e+03 
2.8989754e+22 	 1.2830000e+03 
2.9073004e+22 	 1.2840000e+03 
2.9130725e+22 	 1.2850000e+03 
2.9130807e+22 	 1.2860000e+03 
2.9130889e+22 	 1.2870000e+03 
2.9130971e+22 	 1.2880000e+03 
2.9131053e+22 	 1.2890000e+03 
2.9166577e+22 	 1.2900000e+03 
2.9250995e+22 	 1.2910000e+03 
2.9335414e+22 	 1.2920000e+03 
2.9419832e+22 	 1.2930000e+03 
2.9504250e+22 	 1.2940000e+03 
2.9543044e+22 	 1.2950000e+03 
2.9543126e+22 	 1.2960000e+03 
2.9543208e+22 	 1.2970000e+03 
2.9543290e+22 	 1.2980000e+03 
2.9543372e+22 	 1.2990000e+03 
2.9599410e+22 	 1.3000000e+03 
2.9685017e+22 	 1.3010000e+03 
2.9770624e+22 	 1.3020000e+03 
2.9856231e+22 	 1.3030000e+03 
2.9941838e+22 	 1.3040000e+03 
2.9961163e+22 	 1.3050000e+03 
2.9961245e+22 	 1.3060000e+03 
2.9961327e+22 	 1.3070000e+03 
2.9961409e+22 	 1.3080000e+03 
2.9961491e+22 	 1.3090000e+03 
2.9961573e+22 	 1.3100000e+03 
2.9961655e+22 	 1.3110000e+03 
2.9961736e+22 	 1.3120000e+03 
2.9961818e+22 	 1.3130000e+03 
2.9962037e+22 	 1.3140000e+03 
3.0048874e+22 	 1.3150000e+03 
3.0135711e+22 	 1.3160000e+03 
3.0222548e+22 	 1.3170000e+03 
3.0309385e+22 	 1.3180000e+03 
3.0385610e+22 	 1.3190000e+03 
3.0385692e+22 	 1.3200000e+03 
3.0385774e+22 	 1.3210000e+03 
3.0385856e+22 	 1.3220000e+03 
3.0385937e+22 	 1.3230000e+03 
3.0406744e+22 	 1.3240000e+03 
3.0494790e+22 	 1.3250000e+03 
3.0582836e+22 	 1.3260000e+03 
3.0670882e+22 	 1.3270000e+03 
3.0758928e+22 	 1.3280000e+03 
3.0815629e+22 	 1.3290000e+03 
3.0815711e+22 	 1.3300000e+03 
3.0815793e+22 	 1.3310000e+03 
3.0815875e+22 	 1.3320000e+03 
3.0815957e+22 	 1.3330000e+03 
3.0857946e+22 	 1.3340000e+03 
3.0947262e+22 	 1.3350000e+03 
3.1036579e+22 	 1.3360000e+03 
3.1125896e+22 	 1.3370000e+03 
3.1215212e+22 	 1.3380000e+03 
3.1251848e+22 	 1.3390000e+03 
3.1251930e+22 	 1.3400000e+03 
3.1252012e+22 	 1.3410000e+03 
3.1252094e+22 	 1.3420000e+03 
3.1252176e+22 	 1.3430000e+03 
3.1252258e+22 	 1.3440000e+03 
3.1252339e+22 	 1.3450000e+03 
3.1252421e+22 	 1.3460000e+03 
3.1252503e+22 	 1.3470000e+03 
3.1252585e+22 	 1.3480000e+03 
3.1326588e+22 	 1.3490000e+03 
3.1417154e+22 	 1.3500000e+03 
3.1507721e+22 	 1.3510000e+03 
3.1598288e+22 	 1.3520000e+03 
3.1688855e+22 	 1.3530000e+03 
3.1694577e+22 	 1.3540000e+03 
3.1694659e+22 	 1.3550000e+03 
3.1694740e+22 	 1.3560000e+03 
3.1694822e+22 	 1.3570000e+03 
3.1699581e+22 	 1.3580000e+03 
3.1791439e+22 	 1.3590000e+03 
3.1883297e+22 	 1.3600000e+03 
3.1975156e+22 	 1.3610000e+03 
3.2067014e+22 	 1.3620000e+03 
3.2143114e+22 	 1.3630000e+03 
3.2143196e+22 	 1.3640000e+03 
3.2143278e+22 	 1.3650000e+03 
3.2143360e+22 	 1.3660000e+03 
3.2143441e+22 	 1.3670000e+03 
3.2143523e+22 	 1.3680000e+03 
3.2143605e+22 	 1.3690000e+03 
3.2143687e+22 	 1.3700000e+03 
3.2143769e+22 	 1.3710000e+03 
3.2143851e+22 	 1.3720000e+03 
3.2181008e+22 	 1.3730000e+03 
3.2274177e+22 	 1.3740000e+03 
3.2367347e+22 	 1.3750000e+03 
3.2460517e+22 	 1.3760000e+03 
3.2553686e+22 	 1.3770000e+03 
3.2598542e+22 	 1.3780000e+03 
3.2598624e+22 	 1.3790000e+03 
3.2598706e+22 	 1.3800000e+03 
3.2598788e+22 	 1.3810000e+03 
3.2598870e+22 	 1.3820000e+03 
3.2598952e+22 	 1.3830000e+03 
3.2599034e+22 	 1.3840000e+03 
3.2599115e+22 	 1.3850000e+03 
3.2599197e+22 	 1.3860000e+03 
3.2599279e+22 	 1.3870000e+03 
3.2669729e+22 	 1.3880000e+03 
3.2764190e+22 	 1.3890000e+03 
3.2858651e+22 	 1.3900000e+03 
3.2953112e+22 	 1.3910000e+03 
3.3047572e+22 	 1.3920000e+03 
3.3060289e+22 	 1.3930000e+03 
3.3060391e+22 	 1.3940000e+03 
3.3060493e+22 	 1.3950000e+03 
3.3060596e+22 	 1.3960000e+03 
3.3060698e+22 	 1.3970000e+03 
3.3154560e+22 	 1.3980000e+03 
3.3250374e+22 	 1.3990000e+03 
3.3346187e+22 	 1.4000000e+03 
3.3442001e+22 	 1.4010000e+03 
3.3528208e+22 	 1.4020000e+03 
3.3528290e+22 	 1.4030000e+03 
3.3528372e+22 	 1.4040000e+03 
3.3528454e+22 	 1.4050000e+03 
3.3528536e+22 	 1.4060000e+03 
3.3528617e+22 	 1.4070000e+03 
3.3528699e+22 	 1.4080000e+03 
3.3528781e+22 	 1.4090000e+03 
3.3528863e+22 	 1.4100000e+03 
3.3528945e+22 	 1.4110000e+03 
3.3560765e+22 	 1.4120000e+03 
3.3657931e+22 	 1.4130000e+03 
3.3755098e+22 	 1.4140000e+03 
3.3852264e+22 	 1.4150000e+03 
3.3949431e+22 	 1.4160000e+03 
3.4003146e+22 	 1.4170000e+03 
3.4003248e+22 	 1.4180000e+03 
3.4003350e+22 	 1.4190000e+03 
3.4003453e+22 	 1.4200000e+03 
3.4003555e+22 	 1.4210000e+03 
3.4003646e+22 	 1.4220000e+03 
3.4003728e+22 	 1.4230000e+03 
3.4003810e+22 	 1.4240000e+03 
3.4003891e+22 	 1.4250000e+03 
3.4003973e+22 	 1.4260000e+03 
3.4070439e+22 	 1.4270000e+03 
3.4168978e+22 	 1.4280000e+03 
3.4267518e+22 	 1.4290000e+03 
3.4366057e+22 	 1.4300000e+03 
3.4464596e+22 	 1.4310000e+03 
3.4484881e+22 	 1.4320000e+03 
3.4484984e+22 	 1.4330000e+03 
3.4485086e+22 	 1.4340000e+03 
3.4485188e+22 	 1.4350000e+03 
3.4485291e+22 	 1.4360000e+03 
3.4576064e+22 	 1.4370000e+03 
3.4675998e+22 	 1.4380000e+03 
3.4775931e+22 	 1.4390000e+03 
3.4875864e+22 	 1.4400000e+03 
3.4972903e+22 	 1.4410000e+03 
3.4973005e+22 	 1.4420000e+03 
3.4973108e+22 	 1.4430000e+03 
3.4973210e+22 	 1.4440000e+03 
3.4973312e+22 	 1.4450000e+03 
3.4973412e+22 	 1.4460000e+03 
3.4973494e+22 	 1.4470000e+03 
3.4973575e+22 	 1.4480000e+03 
3.4973657e+22 	 1.4490000e+03 
3.4973739e+22 	 1.4500000e+03 
3.4999707e+22 	 1.4510000e+03 
3.5101074e+22 	 1.4520000e+03 
3.5202442e+22 	 1.4530000e+03 
3.5303810e+22 	 1.4540000e+03 
3.5405178e+22 	 1.4550000e+03 
3.5468431e+22 	 1.4560000e+03 
3.5468513e+22 	 1.4570000e+03 
3.5468595e+22 	 1.4580000e+03 
3.5468676e+22 	 1.4590000e+03 
3.5468758e+22 	 1.4600000e+03 
3.5468840e+22 	 1.4610000e+03 
3.5468922e+22 	 1.4620000e+03 
3.5469004e+22 	 1.4630000e+03 
3.5469086e+22 	 1.4640000e+03 
3.5469167e+22 	 1.4650000e+03 
3.5469262e+22 	 1.4660000e+03 
3.5469364e+22 	 1.4670000e+03 
3.5469466e+22 	 1.4680000e+03 
3.5469569e+22 	 1.4690000e+03 
3.5469671e+22 	 1.4700000e+03 
3.5543324e+22 	 1.4710000e+03 
3.5646127e+22 	 1.4720000e+03 
3.5748929e+22 	 1.4730000e+03 
3.5851731e+22 	 1.4740000e+03 
3.5954534e+22 	 1.4750000e+03 
3.5971369e+22 	 1.4760000e+03 
3.5971450e+22 	 1.4770000e+03 
3.5971532e+22 	 1.4780000e+03 
3.5971614e+22 	 1.4790000e+03 
3.5971696e+22 	 1.4800000e+03 
3.5971797e+22 	 1.4810000e+03 
3.5971900e+22 	 1.4820000e+03 
3.5972002e+22 	 1.4830000e+03 
3.5972104e+22 	 1.4840000e+03 
3.5978818e+22 	 1.4850000e+03 
3.6083055e+22 	 1.4860000e+03 
3.6187292e+22 	 1.4870000e+03 
3.6291529e+22 	 1.4880000e+03 
3.6395766e+22 	 1.4890000e+03 
3.6480819e+22 	 1.4900000e+03 
3.6480921e+22 	 1.4910000e+03 
3.6481023e+22 	 1.4920000e+03 
3.6481126e+22 	 1.4930000e+03 
3.6481228e+22 	 1.4940000e+03 
3.6481324e+22 	 1.4950000e+03 
3.6481406e+22 	 1.4960000e+03 
3.6481488e+22 	 1.4970000e+03 
3.6481570e+22 	 1.4980000e+03 
3.6481652e+22 	 1.4990000e+03 
3.6525135e+22 	 1.5000000e+03 
3.6630868e+22 	 1.5010000e+03 
3.6736601e+22 	 1.5020000e+03 
3.6842334e+22 	 1.5030000e+03 
3.6948067e+22 	 1.5040000e+03 
3.6997654e+22 	 1.5050000e+03 
3.6997757e+22 	 1.5060000e+03 
3.6997859e+22 	 1.5070000e+03 
3.6997961e+22 	 1.5080000e+03 
3.6998064e+22 	 1.5090000e+03 
3.6998166e+22 	 1.5100000e+03 
3.6998268e+22 	 1.5110000e+03 
3.6998371e+22 	 1.5120000e+03 
3.6998473e+22 	 1.5130000e+03 
3.6998575e+22 	 1.5140000e+03 
3.7079875e+22 	 1.5150000e+03 
3.7187084e+22 	 1.5160000e+03 
3.7294292e+22 	 1.5170000e+03 
3.7401501e+22 	 1.5180000e+03 
3.7508710e+22 	 1.5190000e+03 
3.7521790e+22 	 1.5200000e+03 
3.7521892e+22 	 1.5210000e+03 
3.7521995e+22 	 1.5220000e+03 
3.7522097e+22 	 1.5230000e+03 
3.7522199e+22 	 1.5240000e+03 
3.7522302e+22 	 1.5250000e+03 
3.7522404e+22 	 1.5260000e+03 
3.7522506e+22 	 1.5270000e+03 
3.7522608e+22 	 1.5280000e+03 
3.7534164e+22 	 1.5290000e+03 
3.7642910e+22 	 1.5300000e+03 
3.7751656e+22 	 1.5310000e+03 
3.7860402e+22 	 1.5320000e+03 
3.7969148e+22 	 1.5330000e+03 
3.8053323e+22 	 1.5340000e+03 
3.8053425e+22 	 1.5350000e+03 
3.8053528e+22 	 1.5360000e+03 
3.8053630e+22 	 1.5370000e+03 
3.8053732e+22 	 1.5380000e+03 
3.8053828e+22 	 1.5390000e+03 
3.8053910e+22 	 1.5400000e+03 
3.8053991e+22 	 1.5410000e+03 
3.8054073e+22 	 1.5420000e+03 
3.8054155e+22 	 1.5430000e+03 
3.8054246e+22 	 1.5440000e+03 
3.8054349e+22 	 1.5450000e+03 
3.8054451e+22 	 1.5460000e+03 
3.8054553e+22 	 1.5470000e+03 
3.8054656e+22 	 1.5480000e+03 
3.8117123e+22 	 1.5490000e+03 
3.8227406e+22 	 1.5500000e+03 
3.8337689e+22 	 1.5510000e+03 
3.8447972e+22 	 1.5520000e+03 
3.8558255e+22 	 1.5530000e+03 
3.8592870e+22 	 1.5540000e+03 
3.8592973e+22 	 1.5550000e+03 
3.8593075e+22 	 1.5560000e+03 
3.8593177e+22 	 1.5570000e+03 
3.8593280e+22 	 1.5580000e+03 
3.8593382e+22 	 1.5590000e+03 
3.8593484e+22 	 1.5600000e+03 
3.8593586e+22 	 1.5610000e+03 
3.8593689e+22 	 1.5620000e+03 
3.8593791e+22 	 1.5630000e+03 
3.8593893e+22 	 1.5640000e+03 
3.8593996e+22 	 1.5650000e+03 
3.8594098e+22 	 1.5660000e+03 
3.8594200e+22 	 1.5670000e+03 
3.8594303e+22 	 1.5680000e+03 
3.8594405e+22 	 1.5690000e+03 
3.8594507e+22 	 1.5700000e+03 
3.8594610e+22 	 1.5710000e+03 
3.8594712e+22 	 1.5720000e+03 
3.8610449e+22 	 1.5730000e+03 
3.8722289e+22 	 1.5740000e+03 
3.8834130e+22 	 1.5750000e+03 
3.8945970e+22 	 1.5760000e+03 
3.9057811e+22 	 1.5770000e+03 
3.9140527e+22 	 1.5780000e+03 
3.9140629e+22 	 1.5790000e+03 
3.9140731e+22 	 1.5800000e+03 
3.9140834e+22 	 1.5810000e+03 
3.9140936e+22 	 1.5820000e+03 
3.9141038e+22 	 1.5830000e+03 
3.9141141e+22 	 1.5840000e+03 
3.9141243e+22 	 1.5850000e+03 
3.9141345e+22 	 1.5860000e+03 
3.9141448e+22 	 1.5870000e+03 
3.9141550e+22 	 1.5880000e+03 
3.9141652e+22 	 1.5890000e+03 
3.9141754e+22 	 1.5900000e+03 
3.9141857e+22 	 1.5910000e+03 
3.9141959e+22 	 1.5920000e+03 
3.9142061e+22 	 1.5930000e+03 
3.9142164e+22 	 1.5940000e+03 
3.9142266e+22 	 1.5950000e+03 
3.9142368e+22 	 1.5960000e+03 
3.9142471e+22 	 1.5970000e+03 
3.9223474e+22 	 1.5980000e+03 
3.9336913e+22 	 1.5990000e+03 
3.9450352e+22 	 1.6000000e+03 
3.9563791e+22 	 1.6010000e+03 
3.9677230e+22 	 1.6020000e+03 
3.9696085e+22 	 1.6030000e+03 
3.9696188e+22 	 1.6040000e+03 
3.9696290e+22 	 1.6050000e+03 
3.9696392e+22 	 1.6060000e+03 
3.9696495e+22 	 1.6070000e+03 
3.9696597e+22 	 1.6080000e+03 
3.9696699e+22 	 1.6090000e+03 
3.9696802e+22 	 1.6100000e+03 
3.9696904e+22 	 1.6110000e+03 
3.9697006e+22 	 1.6120000e+03 
3.9697109e+22 	 1.6130000e+03 
3.9697211e+22 	 1.6140000e+03 
3.9697313e+22 	 1.6150000e+03 
3.9697416e+22 	 1.6160000e+03 
3.9717564e+22 	 1.6170000e+03 
3.9832601e+22 	 1.6180000e+03 
3.9947639e+22 	 1.6190000e+03 
4.0062677e+22 	 1.6200000e+03 
4.0177715e+22 	 1.6210000e+03 
4.0258830e+22 	 1.6220000e+03 
4.0258933e+22 	 1.6230000e+03 
4.0259035e+22 	 1.6240000e+03 
4.0259137e+22 	 1.6250000e+03 
4.0259239e+22 	 1.6260000e+03 
4.0259342e+22 	 1.6270000e+03 
4.0259444e+22 	 1.6280000e+03 
4.0259546e+22 	 1.6290000e+03 
4.0259649e+22 	 1.6300000e+03 
4.0259751e+22 	 1.6310000e+03 
4.0259853e+22 	 1.6320000e+03 
4.0259956e+22 	 1.6330000e+03 
4.0260058e+22 	 1.6340000e+03 
4.0260160e+22 	 1.6350000e+03 
4.0260263e+22 	 1.6360000e+03 
4.0260365e+22 	 1.6370000e+03 
4.0260467e+22 	 1.6380000e+03 
4.0260570e+22 	 1.6390000e+03 
4.0260672e+22 	 1.6400000e+03 
4.0260774e+22 	 1.6410000e+03 
4.0260892e+22 	 1.6420000e+03 
4.0261015e+22 	 1.6430000e+03 
4.0261137e+22 	 1.6440000e+03 
4.0261260e+22 	 1.6450000e+03 
4.0261383e+22 	 1.6460000e+03 
4.0361928e+22 	 1.6470000e+03 
4.0478605e+22 	 1.6480000e+03 
4.0595283e+22 	 1.6490000e+03 
4.0711960e+22 	 1.6500000e+03 
4.0828637e+22 	 1.6510000e+03 
4.0830801e+22 	 1.6520000e+03 
4.0830903e+22 	 1.6530000e+03 
4.0831005e+22 	 1.6540000e+03 
4.0831107e+22 	 1.6550000e+03 
4.0831210e+22 	 1.6560000e+03 
4.0831312e+22 	 1.6570000e+03 
4.0831414e+22 	 1.6580000e+03 
4.0831517e+22 	 1.6590000e+03 
4.0831619e+22 	 1.6600000e+03 
4.0831721e+22 	 1.6610000e+03 
4.0831824e+22 	 1.6620000e+03 
4.0831926e+22 	 1.6630000e+03 
4.0832028e+22 	 1.6640000e+03 
4.0832131e+22 	 1.6650000e+03 
4.0832233e+22 	 1.6660000e+03 
4.0832335e+22 	 1.6670000e+03 
4.0832438e+22 	 1.6680000e+03 
4.0832540e+22 	 1.6690000e+03 
4.0832642e+22 	 1.6700000e+03 
4.0884234e+22 	 1.6710000e+03 
4.1002571e+22 	 1.6720000e+03 
4.1120909e+22 	 1.6730000e+03 
4.1239247e+22 	 1.6740000e+03 
4.1357584e+22 	 1.6750000e+03 
4.1410157e+22 	 1.6760000e+03 
4.1410259e+22 	 1.6770000e+03 
4.1410362e+22 	 1.6780000e+03 
4.1410464e+22 	 1.6790000e+03 
4.1410566e+22 	 1.6800000e+03 
4.1410682e+22 	 1.6810000e+03 
4.1410805e+22 	 1.6820000e+03 
4.1410928e+22 	 1.6830000e+03 
4.1411051e+22 	 1.6840000e+03 
4.1411173e+22 	 1.6850000e+03 
4.1411280e+22 	 1.6860000e+03 
4.1411382e+22 	 1.6870000e+03 
4.1411485e+22 	 1.6880000e+03 
4.1411587e+22 	 1.6890000e+03 
4.1411689e+22 	 1.6900000e+03 
4.1411792e+22 	 1.6910000e+03 
4.1411894e+22 	 1.6920000e+03 
4.1411996e+22 	 1.6930000e+03 
4.1412099e+22 	 1.6940000e+03 
4.1413325e+22 	 1.6950000e+03 
4.1533343e+22 	 1.6960000e+03 
4.1653361e+22 	 1.6970000e+03 
4.1773379e+22 	 1.6980000e+03 
4.1893397e+22 	 1.6990000e+03 
4.1997813e+22 	 1.7000000e+03 
4.1997916e+22 	 1.7010000e+03 
4.1998018e+22 	 1.7020000e+03 
4.1998120e+22 	 1.7030000e+03 
4.1998223e+22 	 1.7040000e+03 
4.1998330e+22 	 1.7050000e+03 
4.1998453e+22 	 1.7060000e+03 
4.1998575e+22 	 1.7070000e+03 
4.1998698e+22 	 1.7080000e+03 
4.1998821e+22 	 1.7090000e+03 
4.1998936e+22 	 1.7100000e+03 
4.1999039e+22 	 1.7110000e+03 
4.1999141e+22 	 1.7120000e+03 
4.1999243e+22 	 1.7130000e+03 
4.1999346e+22 	 1.7140000e+03 
4.1999448e+22 	 1.7150000e+03 
4.1999550e+22 	 1.7160000e+03 
4.1999653e+22 	 1.7170000e+03 
4.1999755e+22 	 1.7180000e+03 
4.1999857e+22 	 1.7190000e+03 
4.1999960e+22 	 1.7200000e+03 
4.2000062e+22 	 1.7210000e+03 
4.2000164e+22 	 1.7220000e+03 
4.2000267e+22 	 1.7230000e+03 
4.2000369e+22 	 1.7240000e+03 
4.2000471e+22 	 1.7250000e+03 
4.2000574e+22 	 1.7260000e+03 
4.2000676e+22 	 1.7270000e+03 
4.2000778e+22 	 1.7280000e+03 
4.2000881e+22 	 1.7290000e+03 
4.2099491e+22 	 1.7300000e+03 
4.2221230e+22 	 1.7310000e+03 
4.2342970e+22 	 1.7320000e+03 
4.2464709e+22 	 1.7330000e+03 
4.2586449e+22 	 1.7340000e+03 
4.2594995e+22 	 1.7350000e+03 
4.2595098e+22 	 1.7360000e+03 
4.2595200e+22 	 1.7370000e+03 
4.2595302e+22 	 1.7380000e+03 
4.2595404e+22 	 1.7390000e+03 
4.2595507e+22 	 1.7400000e+03 
4.2595609e+22 	 1.7410000e+03 
4.2595711e+22 	 1.7420000e+03 
4.2595814e+22 	 1.7430000e+03 
4.2595919e+22 	 1.7440000e+03 
4.2596042e+22 	 1.7450000e+03 
4.2596165e+22 	 1.7460000e+03 
4.2596288e+22 	 1.7470000e+03 
4.2596410e+22 	 1.7480000e+03 
4.2596528e+22 	 1.7490000e+03 
4.2596630e+22 	 1.7500000e+03 
4.2596732e+22 	 1.7510000e+03 
4.2596835e+22 	 1.7520000e+03 
4.2596937e+22 	 1.7530000e+03 
4.2597039e+22 	 1.7540000e+03 
4.2597142e+22 	 1.7550000e+03 
4.2597244e+22 	 1.7560000e+03 
4.2597346e+22 	 1.7570000e+03 
4.2597449e+22 	 1.7580000e+03 
4.2597561e+22 	 1.7590000e+03 
4.2597684e+22 	 1.7600000e+03 
4.2597807e+22 	 1.7610000e+03 
4.2597929e+22 	 1.7620000e+03 
4.2598052e+22 	 1.7630000e+03 
4.2673438e+22 	 1.7640000e+03 
4.2796879e+22 	 1.7650000e+03 
4.2920319e+22 	 1.7660000e+03 
4.3043760e+22 	 1.7670000e+03 
4.3167201e+22 	 1.7680000e+03 
4.3200490e+22 	 1.7690000e+03 
4.3200613e+22 	 1.7700000e+03 
4.3200735e+22 	 1.7710000e+03 
4.3200858e+22 	 1.7720000e+03 
4.3200981e+22 	 1.7730000e+03 
4.3201086e+22 	 1.7740000e+03 
4.3201189e+22 	 1.7750000e+03 
4.3201291e+22 	 1.7760000e+03 
4.3201393e+22 	 1.7770000e+03 
4.3201496e+22 	 1.7780000e+03 
4.3201618e+22 	 1.7790000e+03 
4.3201740e+22 	 1.7800000e+03 
4.3201863e+22 	 1.7810000e+03 
4.3201986e+22 	 1.7820000e+03 
4.3202107e+22 	 1.7830000e+03 
4.3202210e+22 	 1.7840000e+03 
4.3202312e+22 	 1.7850000e+03 
4.3202414e+22 	 1.7860000e+03 
4.3202517e+22 	 1.7870000e+03 
4.3202619e+22 	 1.7880000e+03 
4.3202721e+22 	 1.7890000e+03 
4.3202823e+22 	 1.7900000e+03 
4.3202926e+22 	 1.7910000e+03 
4.3203028e+22 	 1.7920000e+03 
4.3240353e+22 	 1.7930000e+03 
4.3365576e+22 	 1.7940000e+03 
4.3490800e+22 	 1.7950000e+03 
4.3616024e+22 	 1.7960000e+03 
4.3741247e+22 	 1.7970000e+03 
4.3814143e+22 	 1.7980000e+03 
4.3814245e+22 	 1.7990000e+03 
4.3814347e+22 	 1.8000000e+03 
4.3814450e+22 	 1.8010000e+03 
4.3814552e+22 	 1.8020000e+03 
4.3814665e+22 	 1.8030000e+03 
4.3814788e+22 	 1.8040000e+03 
4.3814911e+22 	 1.8050000e+03 
4.3815034e+22 	 1.8060000e+03 
4.3815156e+22 	 1.8070000e+03 
4.3815266e+22 	 1.8080000e+03 
4.3815368e+22 	 1.8090000e+03 
4.3815471e+22 	 1.8100000e+03 
4.3815573e+22 	 1.8110000e+03 
4.3815675e+22 	 1.8120000e+03 
4.3815793e+22 	 1.8130000e+03 
4.3815916e+22 	 1.8140000e+03 
4.3816039e+22 	 1.8150000e+03 
4.3816161e+22 	 1.8160000e+03 
4.3816284e+22 	 1.8170000e+03 
4.3816389e+22 	 1.8180000e+03 
4.3816491e+22 	 1.8190000e+03 
4.3816594e+22 	 1.8200000e+03 
4.3816696e+22 	 1.8210000e+03 
4.3816798e+22 	 1.8220000e+03 
4.3816901e+22 	 1.8230000e+03 
4.3817003e+22 	 1.8240000e+03 
4.3817105e+22 	 1.8250000e+03 
4.3817208e+22 	 1.8260000e+03 
4.3829743e+22 	 1.8270000e+03 
4.3956750e+22 	 1.8280000e+03 
4.4083756e+22 	 1.8290000e+03 
4.4210763e+22 	 1.8300000e+03 
4.4337770e+22 	 1.8310000e+03 
4.4437022e+22 	 1.8320000e+03 
4.4437125e+22 	 1.8330000e+03 
4.4437227e+22 	 1.8340000e+03 
4.4437329e+22 	 1.8350000e+03 
4.4437432e+22 	 1.8360000e+03 
4.4437541e+22 	 1.8370000e+03 
4.4437664e+22 	 1.8380000e+03 
4.4437786e+22 	 1.8390000e+03 
4.4437909e+22 	 1.8400000e+03 
4.4438032e+22 	 1.8410000e+03 
4.4438146e+22 	 1.8420000e+03 
4.4438248e+22 	 1.8430000e+03 
4.4438350e+22 	 1.8440000e+03 
4.4438453e+22 	 1.8450000e+03 
4.4438555e+22 	 1.8460000e+03 
4.4438669e+22 	 1.8470000e+03 
4.4438791e+22 	 1.8480000e+03 
4.4438914e+22 	 1.8490000e+03 
4.4439037e+22 	 1.8500000e+03 
4.4439160e+22 	 1.8510000e+03 
4.4439269e+22 	 1.8520000e+03 
4.4439371e+22 	 1.8530000e+03 
4.4439473e+22 	 1.8540000e+03 
4.4439576e+22 	 1.8550000e+03 
4.4439678e+22 	 1.8560000e+03 
4.4439796e+22 	 1.8570000e+03 
4.4439919e+22 	 1.8580000e+03 
4.4440042e+22 	 1.8590000e+03 
4.4440165e+22 	 1.8600000e+03 
4.4440288e+22 	 1.8610000e+03 
4.4556010e+22 	 1.8620000e+03 
4.4684800e+22 	 1.8630000e+03 
4.4813589e+22 	 1.8640000e+03 
4.4942379e+22 	 1.8650000e+03 
4.5068702e+22 	 1.8660000e+03 
4.5068825e+22 	 1.8670000e+03 
4.5068948e+22 	 1.8680000e+03 
4.5069071e+22 	 1.8690000e+03 
4.5069193e+22 	 1.8700000e+03 
4.5069314e+22 	 1.8710000e+03 
4.5069416e+22 	 1.8720000e+03 
4.5069518e+22 	 1.8730000e+03 
4.5069621e+22 	 1.8740000e+03 
4.5069723e+22 	 1.8750000e+03 
4.5069830e+22 	 1.8760000e+03 
4.5069953e+22 	 1.8770000e+03 
4.5070076e+22 	 1.8780000e+03 
4.5070199e+22 	 1.8790000e+03 
4.5070321e+22 	 1.8800000e+03 
4.5070444e+22 	 1.8810000e+03 
4.5070567e+22 	 1.8820000e+03 
4.5070690e+22 	 1.8830000e+03 
4.5070812e+22 	 1.8840000e+03 
4.5070935e+22 	 1.8850000e+03 
4.5071048e+22 	 1.8860000e+03 
4.5071151e+22 	 1.8870000e+03 
4.5071253e+22 	 1.8880000e+03 
4.5071355e+22 	 1.8890000e+03 
4.5071458e+22 	 1.8900000e+03 
4.5071572e+22 	 1.8910000e+03 
4.5071695e+22 	 1.8920000e+03 
4.5071817e+22 	 1.8930000e+03 
4.5071940e+22 	 1.8940000e+03 
4.5072063e+22 	 1.8950000e+03 
4.5072186e+22 	 1.8960000e+03 
4.5072309e+22 	 1.8970000e+03 
4.5072431e+22 	 1.8980000e+03 
4.5072554e+22 	 1.8990000e+03 
4.5072677e+22 	 1.9000000e+03 
4.5178785e+22 	 1.9010000e+03 
4.5309398e+22 	 1.9020000e+03 
4.5440012e+22 	 1.9030000e+03 
4.5570626e+22 	 1.9040000e+03 
4.5701240e+22 	 1.9050000e+03 
4.5710115e+22 	 1.9060000e+03 
4.5710237e+22 	 1.9070000e+03 
4.5710360e+22 	 1.9080000e+03 
4.5710483e+22 	 1.9090000e+03 
4.5710606e+22 	 1.9100000e+03 
4.5710728e+22 	 1.9110000e+03 
4.5710851e+22 	 1.9120000e+03 
4.5710974e+22 	 1.9130000e+03 
4.5711097e+22 	 1.9140000e+03 
4.5711216e+22 	 1.9150000e+03 
4.5711319e+22 	 1.9160000e+03 
4.5711421e+22 	 1.9170000e+03 
4.5711523e+22 	 1.9180000e+03 
4.5711626e+22 	 1.9190000e+03 
4.5711733e+22 	 1.9200000e+03 
4.5711856e+22 	 1.9210000e+03 
4.5711979e+22 	 1.9220000e+03 
4.5712102e+22 	 1.9230000e+03 
4.5712225e+22 	 1.9240000e+03 
4.5712347e+22 	 1.9250000e+03 
4.5712470e+22 	 1.9260000e+03 
4.5712593e+22 	 1.9270000e+03 
4.5712716e+22 	 1.9280000e+03 
4.5712839e+22 	 1.9290000e+03 
4.5712951e+22 	 1.9300000e+03 
4.5713053e+22 	 1.9310000e+03 
4.5713156e+22 	 1.9320000e+03 
4.5713258e+22 	 1.9330000e+03 
4.5713360e+22 	 1.9340000e+03 
4.5713475e+22 	 1.9350000e+03 
4.5713598e+22 	 1.9360000e+03 
4.5713721e+22 	 1.9370000e+03 
4.5713844e+22 	 1.9380000e+03 
4.5713966e+22 	 1.9390000e+03 
4.5714089e+22 	 1.9400000e+03 
4.5714212e+22 	 1.9410000e+03 
4.5714335e+22 	 1.9420000e+03 
4.5714457e+22 	 1.9430000e+03 
4.5714580e+22 	 1.9440000e+03 
4.5714703e+22 	 1.9450000e+03 
4.5714826e+22 	 1.9460000e+03 
4.5714949e+22 	 1.9470000e+03 
4.5715071e+22 	 1.9480000e+03 
4.5715194e+22 	 1.9490000e+03 
4.5715297e+22 	 1.9500000e+03 
4.5715400e+22 	 1.9510000e+03 
4.5715502e+22 	 1.9520000e+03 
4.5715604e+22 	 1.9530000e+03 
4.5715708e+22 	 1.9540000e+03 
4.5715831e+22 	 1.9550000e+03 
4.5715954e+22 	 1.9560000e+03 
4.5716076e+22 	 1.9570000e+03 
4.5716199e+22 	 1.9580000e+03 
4.5716322e+22 	 1.9590000e+03 
4.5716445e+22 	 1.9600000e+03 
4.5716568e+22 	 1.9610000e+03 
4.5716690e+22 	 1.9620000e+03 
4.5716813e+22 	 1.9630000e+03 
4.5755638e+22 	 1.9640000e+03 
4.5888117e+22 	 1.9650000e+03 
4.6020596e+22 	 1.9660000e+03 
4.6153075e+22 	 1.9670000e+03 
4.6285553e+22 	 1.9680000e+03 
4.6363351e+22 	 1.9690000e+03 
4.6363474e+22 	 1.9700000e+03 
4.6363596e+22 	 1.9710000e+03 
4.6363719e+22 	 1.9720000e+03 
4.6363842e+22 	 1.9730000e+03 
4.6363965e+22 	 1.9740000e+03 
4.6364087e+22 	 1.9750000e+03 
4.6364210e+22 	 1.9760000e+03 
4.6364333e+22 	 1.9770000e+03 
4.6364456e+22 	 1.9780000e+03 
4.6364579e+22 	 1.9790000e+03 
4.6364701e+22 	 1.9800000e+03 
4.6364824e+22 	 1.9810000e+03 
4.6364947e+22 	 1.9820000e+03 
4.6365070e+22 	 1.9830000e+03 
4.6365192e+22 	 1.9840000e+03 
4.6365315e+22 	 1.9850000e+03 
4.6365438e+22 	 1.9860000e+03 
4.6365561e+22 	 1.9870000e+03 
4.6365684e+22 	 1.9880000e+03 
4.6365789e+22 	 1.9890000e+03 
4.6365891e+22 	 1.9900000e+03 
4.6365993e+22 	 1.9910000e+03 
4.6366096e+22 	 1.9920000e+03 
4.6366198e+22 	 1.9930000e+03 
4.6366320e+22 	 1.9940000e+03 
4.6366443e+22 	 1.9950000e+03 
4.6366566e+22 	 1.9960000e+03 
4.6366689e+22 	 1.9970000e+03 
4.6366811e+22 	 1.9980000e+03 
4.6366934e+22 	 1.9990000e+03 
4.6367057e+22 	 2.0000000e+03 
4.6367180e+22 	 2.0010000e+03 
4.6367303e+22 	 2.0020000e+03 
4.6367425e+22 	 2.0030000e+03 
4.6367548e+22 	 2.0040000e+03 
4.6367671e+22 	 2.0050000e+03 
4.6367794e+22 	 2.0060000e+03 
4.6367916e+22 	 2.0070000e+03 
4.6368033e+22 	 2.0080000e+03 
4.6368135e+22 	 2.0090000e+03 
4.6368237e+22 	 2.0100000e+03 
4.6368340e+22 	 2.0110000e+03 
4.6368442e+22 	 2.0120000e+03 
4.6368553e+22 	 2.0130000e+03 
4.6368676e+22 	 2.0140000e+03 
4.6368799e+22 	 2.0150000e+03 
4.6368921e+22 	 2.0160000e+03 
4.6369044e+22 	 2.0170000e+03 
4.6369167e+22 	 2.0180000e+03 
4.6369290e+22 	 2.0190000e+03 
4.6369413e+22 	 2.0200000e+03 
4.6369535e+22 	 2.0210000e+03 
4.6369658e+22 	 2.0220000e+03 
4.6369781e+22 	 2.0230000e+03 
4.6369904e+22 	 2.0240000e+03 
4.6370027e+22 	 2.0250000e+03 
4.6370149e+22 	 2.0260000e+03 
4.6370272e+22 	 2.0270000e+03 
4.6474127e+22 	 2.0280000e+03 
4.6608512e+22 	 2.0290000e+03 
4.6742897e+22 	 2.0300000e+03 
4.6877282e+22 	 2.0310000e+03 
4.7011667e+22 	 2.0320000e+03 
4.7026110e+22 	 2.0330000e+03 
4.7026232e+22 	 2.0340000e+03 
4.7026355e+22 	 2.0350000e+03 
4.7026478e+22 	 2.0360000e+03 
4.7026601e+22 	 2.0370000e+03 
4.7026724e+22 	 2.0380000e+03 
4.7026846e+22 	 2.0390000e+03 
4.7026969e+22 	 2.0400000e+03 
4.7027092e+22 	 2.0410000e+03 
4.7027215e+22 	 2.0420000e+03 
4.7027338e+22 	 2.0430000e+03 
4.7027460e+22 	 2.0440000e+03 
4.7027583e+22 	 2.0450000e+03 
4.7027706e+22 	 2.0460000e+03 
4.7027824e+22 	 2.0470000e+03 
4.7027926e+22 	 2.0480000e+03 
4.7028028e+22 	 2.0490000e+03 
4.7028131e+22 	 2.0500000e+03 
4.7028233e+22 	 2.0510000e+03 
4.7028343e+22 	 2.0520000e+03 
4.7028465e+22 	 2.0530000e+03 
4.7028588e+22 	 2.0540000e+03 
4.7028711e+22 	 2.0550000e+03 
4.7028834e+22 	 2.0560000e+03 
4.7028956e+22 	 2.0570000e+03 
4.7029079e+22 	 2.0580000e+03 
4.7029202e+22 	 2.0590000e+03 
4.7029325e+22 	 2.0600000e+03 
4.7029448e+22 	 2.0610000e+03 
4.7029570e+22 	 2.0620000e+03 
4.7029693e+22 	 2.0630000e+03 
4.7029816e+22 	 2.0640000e+03 
4.7029939e+22 	 2.0650000e+03 
4.7030061e+22 	 2.0660000e+03 
4.7030184e+22 	 2.0670000e+03 
4.7030307e+22 	 2.0680000e+03 
4.7030430e+22 	 2.0690000e+03 
4.7030553e+22 	 2.0700000e+03 
4.7030675e+22 	 2.0710000e+03 
4.7030798e+22 	 2.0720000e+03 
4.7030921e+22 	 2.0730000e+03 
4.7031044e+22 	 2.0740000e+03 
4.7031167e+22 	 2.0750000e+03 
4.7031289e+22 	 2.0760000e+03 
4.7031412e+22 	 2.0770000e+03 
4.7031535e+22 	 2.0780000e+03 
4.7031658e+22 	 2.0790000e+03 
4.7031780e+22 	 2.0800000e+03 
4.7031903e+22 	 2.0810000e+03 
4.7032005e+22 	 2.0820000e+03 
4.7032107e+22 	 2.0830000e+03 
4.7032210e+22 	 2.0840000e+03 
4.7032312e+22 	 2.0850000e+03 
4.7032417e+22 	 2.0860000e+03 
4.7032540e+22 	 2.0870000e+03 
4.7032663e+22 	 2.0880000e+03 
4.7032785e+22 	 2.0890000e+03 
4.7032908e+22 	 2.0900000e+03 
4.7033031e+22 	 2.0910000e+03 
4.7033154e+22 	 2.0920000e+03 
4.7033277e+22 	 2.0930000e+03 
4.7033399e+22 	 2.0940000e+03 
4.7033522e+22 	 2.0950000e+03 
4.7033645e+22 	 2.0960000e+03 
4.7033768e+22 	 2.0970000e+03 
4.7033891e+22 	 2.0980000e+03 
4.7034013e+22 	 2.0990000e+03 
4.7034136e+22 	 2.1000000e+03 
4.7034259e+22 	 2.1010000e+03 
4.7034382e+22 	 2.1020000e+03 
4.7034504e+22 	 2.1030000e+03 
4.7034627e+22 	 2.1040000e+03 
4.7034750e+22 	 2.1050000e+03 
4.7034873e+22 	 2.1060000e+03 
4.7034996e+22 	 2.1070000e+03 
4.7035118e+22 	 2.1080000e+03 
4.7035241e+22 	 2.1090000e+03 
4.7035364e+22 	 2.1100000e+03 
4.7035487e+22 	 2.1110000e+03 
4.7035609e+22 	 2.1120000e+03 
4.7035732e+22 	 2.1130000e+03 
4.7035855e+22 	 2.1140000e+03 
4.7035978e+22 	 2.1150000e+03 
4.7036084e+22 	 2.1160000e+03 
4.7036186e+22 	 2.1170000e+03 
4.7036288e+22 	 2.1180000e+03 
4.7036391e+22 	 2.1190000e+03 
4.7036493e+22 	 2.1200000e+03 
4.7036615e+22 	 2.1210000e+03 
4.7036737e+22 	 2.1220000e+03 
4.7036860e+22 	 2.1230000e+03 
4.7036983e+22 	 2.1240000e+03 
4.7043351e+22 	 2.1250000e+03 
4.7179683e+22 	 2.1260000e+03 
4.7316015e+22 	 2.1270000e+03 
4.7452346e+22 	 2.1280000e+03 
4.7588678e+22 	 2.1290000e+03 
4.7702320e+22 	 2.1300000e+03 
4.7702443e+22 	 2.1310000e+03 
4.7702566e+22 	 2.1320000e+03 
4.7702689e+22 	 2.1330000e+03 
4.7702812e+22 	 2.1340000e+03 
4.7702934e+22 	 2.1350000e+03 
4.7703057e+22 	 2.1360000e+03 
4.7703180e+22 	 2.1370000e+03 
4.7703303e+22 	 2.1380000e+03 
4.7703425e+22 	 2.1390000e+03 
4.7703548e+22 	 2.1400000e+03 
4.7703671e+22 	 2.1410000e+03 
4.7703794e+22 	 2.1420000e+03 
4.7703917e+22 	 2.1430000e+03 
4.7704039e+22 	 2.1440000e+03 
4.7704162e+22 	 2.1450000e+03 
4.7704285e+22 	 2.1460000e+03 
4.7704408e+22 	 2.1470000e+03 
4.7704531e+22 	 2.1480000e+03 
4.7704653e+22 	 2.1490000e+03 
4.7704776e+22 	 2.1500000e+03 
4.7704899e+22 	 2.1510000e+03 
4.7705022e+22 	 2.1520000e+03 
4.7705144e+22 	 2.1530000e+03 
4.7705267e+22 	 2.1540000e+03 
4.7705390e+22 	 2.1550000e+03 
4.7705513e+22 	 2.1560000e+03 
4.7705636e+22 	 2.1570000e+03 
4.7705758e+22 	 2.1580000e+03 
4.7705881e+22 	 2.1590000e+03 
4.7705987e+22 	 2.1600000e+03 
4.7706089e+22 	 2.1610000e+03 
4.7706191e+22 	 2.1620000e+03 
4.7706294e+22 	 2.1630000e+03 
4.7706396e+22 	 2.1640000e+03 
4.7706518e+22 	 2.1650000e+03 
4.7706641e+22 	 2.1660000e+03 
4.7706763e+22 	 2.1670000e+03 
4.7706886e+22 	 2.1680000e+03 
4.7707009e+22 	 2.1690000e+03 
4.7707132e+22 	 2.1700000e+03 
4.7707255e+22 	 2.1710000e+03 
4.7707377e+22 	 2.1720000e+03 
4.7707500e+22 	 2.1730000e+03 
4.7707623e+22 	 2.1740000e+03 
4.7707746e+22 	 2.1750000e+03 
4.7707868e+22 	 2.1760000e+03 
4.7707991e+22 	 2.1770000e+03 
4.7708114e+22 	 2.1780000e+03 
4.7708237e+22 	 2.1790000e+03 
4.7708360e+22 	 2.1800000e+03 
4.7708482e+22 	 2.1810000e+03 
4.7708605e+22 	 2.1820000e+03 
4.7708728e+22 	 2.1830000e+03 
4.7708851e+22 	 2.1840000e+03 
4.7708973e+22 	 2.1850000e+03 
4.7709096e+22 	 2.1860000e+03 
4.7709219e+22 	 2.1870000e+03 
4.7709342e+22 	 2.1880000e+03 
4.7709465e+22 	 2.1890000e+03 
4.7709587e+22 	 2.1900000e+03 
4.7709710e+22 	 2.1910000e+03 
4.7709833e+22 	 2.1920000e+03 
4.7709956e+22 	 2.1930000e+03 
4.7710078e+22 	 2.1940000e+03 
4.7710201e+22 	 2.1950000e+03 
4.7710324e+22 	 2.1960000e+03 
4.7710447e+22 	 2.1970000e+03 
4.7710570e+22 	 2.1980000e+03 
4.7710692e+22 	 2.1990000e+03 
4.7710815e+22 	 2.2000000e+03 
4.7710938e+22 	 2.2010000e+03 
4.7711061e+22 	 2.2020000e+03 
4.7711184e+22 	 2.2030000e+03 
4.7711306e+22 	 2.2040000e+03 
4.7711429e+22 	 2.2050000e+03 
4.7711552e+22 	 2.2060000e+03 
4.7711675e+22 	 2.2070000e+03 
4.7711797e+22 	 2.2080000e+03 
4.7711920e+22 	 2.2090000e+03 
4.7712043e+22 	 2.2100000e+03 
4.7712166e+22 	 2.2110000e+03 
4.7712289e+22 	 2.2120000e+03 
4.7712411e+22 	 2.2130000e+03 
4.7712534e+22 	 2.2140000e+03 
4.7712657e+22 	 2.2150000e+03 
4.7712780e+22 	 2.2160000e+03 
4.7712902e+22 	 2.2170000e+03 
4.7713025e+22 	 2.2180000e+03 
4.7713148e+22 	 2.2190000e+03 
4.7713271e+22 	 2.2200000e+03 
4.7713394e+22 	 2.2210000e+03 
4.7713516e+22 	 2.2220000e+03 
4.7713639e+22 	 2.2230000e+03 
4.7713762e+22 	 2.2240000e+03 
4.7713885e+22 	 2.2250000e+03 
4.7714008e+22 	 2.2260000e+03 
4.7714130e+22 	 2.2270000e+03 
4.7714253e+22 	 2.2280000e+03 
4.7714376e+22 	 2.2290000e+03 
4.7714499e+22 	 2.2300000e+03 
4.7714621e+22 	 2.2310000e+03 
4.7714744e+22 	 2.2320000e+03 
4.7714867e+22 	 2.2330000e+03 
4.7714990e+22 	 2.2340000e+03 
4.7715113e+22 	 2.2350000e+03 
4.7715235e+22 	 2.2360000e+03 
4.7715358e+22 	 2.2370000e+03 
4.7715481e+22 	 2.2380000e+03 
4.7715604e+22 	 2.2390000e+03 
4.7715726e+22 	 2.2400000e+03 
4.7715849e+22 	 2.2410000e+03 
4.7715972e+22 	 2.2420000e+03 
4.7716095e+22 	 2.2430000e+03 
4.7716218e+22 	 2.2440000e+03 
4.7716340e+22 	 2.2450000e+03 
4.7716463e+22 	 2.2460000e+03 
4.7716586e+22 	 2.2470000e+03 
4.7716709e+22 	 2.2480000e+03 
4.7716832e+22 	 2.2490000e+03 
4.7716954e+22 	 2.2500000e+03 
4.7717077e+22 	 2.2510000e+03 
4.7717200e+22 	 2.2520000e+03 
4.7717302e+22 	 2.2530000e+03 
4.7717405e+22 	 2.2540000e+03 
4.7717507e+22 	 2.2550000e+03 
4.7717609e+22 	 2.2560000e+03 
4.7733205e+22 	 2.2570000e+03 
4.7871504e+22 	 2.2580000e+03 
4.8009804e+22 	 2.2590000e+03 
4.8148104e+22 	 2.2600000e+03 
4.8286403e+22 	 2.2610000e+03 
4.8392529e+22 	 2.2620000e+03 
4.8392651e+22 	 2.2630000e+03 
4.8392774e+22 	 2.2640000e+03 
4.8392897e+22 	 2.2650000e+03 
4.8393020e+22 	 2.2660000e+03 
4.8393142e+22 	 2.2670000e+03 
4.8393265e+22 	 2.2680000e+03 
4.8393388e+22 	 2.2690000e+03 
4.8393511e+22 	 2.2700000e+03 
4.8393634e+22 	 2.2710000e+03 
4.8393756e+22 	 2.2720000e+03 
4.8393879e+22 	 2.2730000e+03 
4.8394002e+22 	 2.2740000e+03 
4.8394125e+22 	 2.2750000e+03 
4.8394248e+22 	 2.2760000e+03 
4.8394370e+22 	 2.2770000e+03 
4.8394493e+22 	 2.2780000e+03 
4.8394616e+22 	 2.2790000e+03 
4.8394739e+22 	 2.2800000e+03 
4.8394861e+22 	 2.2810000e+03 
4.8394984e+22 	 2.2820000e+03 
4.8395107e+22 	 2.2830000e+03 
4.8395230e+22 	 2.2840000e+03 
4.8395353e+22 	 2.2850000e+03 
4.8395475e+22 	 2.2860000e+03 
4.8395598e+22 	 2.2870000e+03 
4.8395721e+22 	 2.2880000e+03 
4.8395844e+22 	 2.2890000e+03 
4.8395966e+22 	 2.2900000e+03 
4.8396089e+22 	 2.2910000e+03 
4.8396212e+22 	 2.2920000e+03 
4.8396335e+22 	 2.2930000e+03 
4.8396458e+22 	 2.2940000e+03 
4.8396580e+22 	 2.2950000e+03 
4.8396703e+22 	 2.2960000e+03 
4.8396826e+22 	 2.2970000e+03 
4.8396949e+22 	 2.2980000e+03 
4.8397072e+22 	 2.2990000e+03 
4.8397194e+22 	 2.3000000e+03 
4.8397320e+22 	 2.3010000e+03 
4.8397463e+22 	 2.3020000e+03 
4.8397606e+22 	 2.3030000e+03 
4.8397750e+22 	 2.3040000e+03 
4.8397893e+22 	 2.3050000e+03 
4.8398031e+22 	 2.3060000e+03 
4.8398154e+22 	 2.3070000e+03 
4.8398277e+22 	 2.3080000e+03 
4.8398399e+22 	 2.3090000e+03 
4.8398522e+22 	 2.3100000e+03 
4.8398645e+22 	 2.3110000e+03 
4.8398768e+22 	 2.3120000e+03 
4.8398890e+22 	 2.3130000e+03 
4.8399013e+22 	 2.3140000e+03 
4.8399136e+22 	 2.3150000e+03 
4.8399259e+22 	 2.3160000e+03 
4.8399382e+22 	 2.3170000e+03 
4.8399504e+22 	 2.3180000e+03 
4.8399627e+22 	 2.3190000e+03 
4.8399750e+22 	 2.3200000e+03 
4.8399873e+22 	 2.3210000e+03 
4.8399996e+22 	 2.3220000e+03 
4.8400118e+22 	 2.3230000e+03 
4.8400241e+22 	 2.3240000e+03 
4.8400364e+22 	 2.3250000e+03 
4.8400487e+22 	 2.3260000e+03 
4.8400609e+22 	 2.3270000e+03 
4.8400732e+22 	 2.3280000e+03 
4.8400855e+22 	 2.3290000e+03 
4.8400978e+22 	 2.3300000e+03 
4.8401101e+22 	 2.3310000e+03 
4.8401223e+22 	 2.3320000e+03 
4.8401346e+22 	 2.3330000e+03 
4.8401469e+22 	 2.3340000e+03 
4.8401592e+22 	 2.3350000e+03 
4.8401714e+22 	 2.3360000e+03 
4.8401837e+22 	 2.3370000e+03 
4.8401960e+22 	 2.3380000e+03 
4.8402083e+22 	 2.3390000e+03 
4.8402206e+22 	 2.3400000e+03 
4.8402328e+22 	 2.3410000e+03 
4.8402451e+22 	 2.3420000e+03 
4.8402574e+22 	 2.3430000e+03 
4.8402697e+22 	 2.3440000e+03 
4.8402819e+22 	 2.3450000e+03 
4.8402942e+22 	 2.3460000e+03 
4.8403065e+22 	 2.3470000e+03 
4.8403188e+22 	 2.3480000e+03 
4.8403311e+22 	 2.3490000e+03 
4.8403433e+22 	 2.3500000e+03 
4.8403556e+22 	 2.3510000e+03 
4.8403679e+22 	 2.3520000e+03 
4.8403802e+22 	 2.3530000e+03 
4.8403925e+22 	 2.3540000e+03 
4.8404047e+22 	 2.3550000e+03 
4.8404170e+22 	 2.3560000e+03 
4.8404293e+22 	 2.3570000e+03 
4.8404416e+22 	 2.3580000e+03 
4.8404538e+22 	 2.3590000e+03 
4.8404661e+22 	 2.3600000e+03 
4.8404784e+22 	 2.3610000e+03 
4.8404907e+22 	 2.3620000e+03 
4.8405030e+22 	 2.3630000e+03 
4.8405152e+22 	 2.3640000e+03 
4.8405275e+22 	 2.3650000e+03 
4.8405398e+22 	 2.3660000e+03 
4.8405521e+22 	 2.3670000e+03 
4.8405643e+22 	 2.3680000e+03 
4.8405766e+22 	 2.3690000e+03 
4.8405889e+22 	 2.3700000e+03 
4.8406012e+22 	 2.3710000e+03 
4.8406135e+22 	 2.3720000e+03 
4.8406257e+22 	 2.3730000e+03 
4.8406380e+22 	 2.3740000e+03 
4.8406503e+22 	 2.3750000e+03 
4.8406626e+22 	 2.3760000e+03 
4.8406749e+22 	 2.3770000e+03 
4.8406871e+22 	 2.3780000e+03 
4.8406994e+22 	 2.3790000e+03 
4.8407117e+22 	 2.3800000e+03 
4.8407240e+22 	 2.3810000e+03 
4.8407362e+22 	 2.3820000e+03 
4.8407485e+22 	 2.3830000e+03 
4.8407608e+22 	 2.3840000e+03 
4.8407731e+22 	 2.3850000e+03 
4.8407854e+22 	 2.3860000e+03 
4.8407976e+22 	 2.3870000e+03 
4.8408099e+22 	 2.3880000e+03 
4.8408222e+22 	 2.3890000e+03 
4.8408345e+22 	 2.3900000e+03 
4.8408467e+22 	 2.3910000e+03 
4.8408590e+22 	 2.3920000e+03 
4.8408713e+22 	 2.3930000e+03 
4.8408836e+22 	 2.3940000e+03 
4.8408959e+22 	 2.3950000e+03 
4.8409081e+22 	 2.3960000e+03 
4.8409204e+22 	 2.3970000e+03 
4.8409327e+22 	 2.3980000e+03 
4.8409450e+22 	 2.3990000e+03 
4.8409573e+22 	 2.4000000e+03 
4.8409695e+22 	 2.4010000e+03 
4.8409818e+22 	 2.4020000e+03 
4.8409941e+22 	 2.4030000e+03 
4.8410064e+22 	 2.4040000e+03 
4.8410186e+22 	 2.4050000e+03 
4.8410309e+22 	 2.4060000e+03 
4.8410432e+22 	 2.4070000e+03 
4.8410555e+22 	 2.4080000e+03 
4.8410678e+22 	 2.4090000e+03 
4.8410800e+22 	 2.4100000e+03 
4.8410923e+22 	 2.4110000e+03 
4.8411046e+22 	 2.4120000e+03 
4.8411169e+22 	 2.4130000e+03 
4.8411291e+22 	 2.4140000e+03 
4.8411414e+22 	 2.4150000e+03 
4.8411537e+22 	 2.4160000e+03 
4.8411660e+22 	 2.4170000e+03 
4.8411783e+22 	 2.4180000e+03 
4.8411905e+22 	 2.4190000e+03 
4.8412028e+22 	 2.4200000e+03 
4.8412151e+22 	 2.4210000e+03 
4.8412274e+22 	 2.4220000e+03 
4.8412396e+22 	 2.4230000e+03 
4.8412519e+22 	 2.4240000e+03 
4.8412642e+22 	 2.4250000e+03 
4.8412765e+22 	 2.4260000e+03 
4.8412888e+22 	 2.4270000e+03 
4.8413010e+22 	 2.4280000e+03 
4.8413133e+22 	 2.4290000e+03 
4.8413256e+22 	 2.4300000e+03 
4.8413379e+22 	 2.4310000e+03 
4.8413502e+22 	 2.4320000e+03 
4.8413624e+22 	 2.4330000e+03 
4.8413747e+22 	 2.4340000e+03 
4.8413870e+22 	 2.4350000e+03 
4.8413993e+22 	 2.4360000e+03 
4.8414115e+22 	 2.4370000e+03 
4.8414238e+22 	 2.4380000e+03 
4.8414361e+22 	 2.4390000e+03 
4.8414484e+22 	 2.4400000e+03 
4.8414607e+22 	 2.4410000e+03 
4.8414729e+22 	 2.4420000e+03 
4.8414852e+22 	 2.4430000e+03 
4.8414975e+22 	 2.4440000e+03 
4.8415098e+22 	 2.4450000e+03 
4.8415220e+22 	 2.4460000e+03 
4.8415343e+22 	 2.4470000e+03 
4.8415477e+22 	 2.4480000e+03 
4.8415620e+22 	 2.4490000e+03 
4.8415764e+22 	 2.4500000e+03 
4.8415907e+22 	 2.4510000e+03 
4.8416050e+22 	 2.4520000e+03 
4.8416180e+22 	 2.4530000e+03 
4.8416303e+22 	 2.4540000e+03 
4.8416426e+22 	 2.4550000e+03 
4.8416548e+22 	 2.4560000e+03 
4.8416671e+22 	 2.4570000e+03 
4.8416794e+22 	 2.4580000e+03 
4.8416917e+22 	 2.4590000e+03 
4.8417039e+22 	 2.4600000e+03 
4.8417162e+22 	 2.4610000e+03 
4.8417285e+22 	 2.4620000e+03 
4.8417408e+22 	 2.4630000e+03 
4.8417531e+22 	 2.4640000e+03 
4.8417653e+22 	 2.4650000e+03 
4.8417776e+22 	 2.4660000e+03 
4.8417899e+22 	 2.4670000e+03 
4.8418022e+22 	 2.4680000e+03 
4.8418144e+22 	 2.4690000e+03 
4.8418267e+22 	 2.4700000e+03 
4.8418390e+22 	 2.4710000e+03 
4.8418513e+22 	 2.4720000e+03 
4.8418636e+22 	 2.4730000e+03 
4.8418758e+22 	 2.4740000e+03 
4.8418881e+22 	 2.4750000e+03 
4.8419004e+22 	 2.4760000e+03 
4.8419127e+22 	 2.4770000e+03 
4.8419249e+22 	 2.4780000e+03 
4.8419372e+22 	 2.4790000e+03 
4.8419495e+22 	 2.4800000e+03 
4.8419618e+22 	 2.4810000e+03 
4.8466132e+22 	 2.4820000e+03 
4.8606460e+22 	 2.4830000e+03 
4.8746789e+22 	 2.4840000e+03 
4.8887117e+22 	 2.4850000e+03 
4.9027445e+22 	 2.4860000e+03 
4.9104455e+22 	 2.4870000e+03 
4.9104578e+22 	 2.4880000e+03 
4.9104701e+22 	 2.4890000e+03 
4.9104824e+22 	 2.4900000e+03 
4.9104947e+22 	 2.4910000e+03 
4.9105069e+22 	 2.4920000e+03 
4.9105192e+22 	 2.4930000e+03 
4.9105315e+22 	 2.4940000e+03 
4.9105438e+22 	 2.4950000e+03 
4.9105560e+22 	 2.4960000e+03 
4.9105683e+22 	 2.4970000e+03 
4.9105806e+22 	 2.4980000e+03 
4.9105929e+22 	 2.4990000e+03 
4.9106052e+22 	 2.5000000e+03 
4.9106174e+22 	 2.5010000e+03 
4.9106297e+22 	 2.5020000e+03 
4.9106420e+22 	 2.5030000e+03 
4.9106543e+22 	 2.5040000e+03 
4.9106666e+22 	 2.5050000e+03 
4.9106788e+22 	 2.5060000e+03 
4.9106911e+22 	 2.5070000e+03 
4.9107034e+22 	 2.5080000e+03 
4.9107157e+22 	 2.5090000e+03 
4.9107279e+22 	 2.5100000e+03 
4.9107402e+22 	 2.5110000e+03 
4.9107525e+22 	 2.5120000e+03 
4.9107648e+22 	 2.5130000e+03 
4.9107771e+22 	 2.5140000e+03 
4.9107893e+22 	 2.5150000e+03 
4.9108019e+22 	 2.5160000e+03 
4.9108162e+22 	 2.5170000e+03 
4.9108305e+22 	 2.5180000e+03 
4.9108449e+22 	 2.5190000e+03 
4.9108592e+22 	 2.5200000e+03 
4.9108730e+22 	 2.5210000e+03 
4.9108853e+22 	 2.5220000e+03 
4.9108976e+22 	 2.5230000e+03 
4.9109098e+22 	 2.5240000e+03 
4.9109221e+22 	 2.5250000e+03 
4.9109344e+22 	 2.5260000e+03 
4.9109467e+22 	 2.5270000e+03 
4.9109590e+22 	 2.5280000e+03 
4.9109712e+22 	 2.5290000e+03 
4.9109835e+22 	 2.5300000e+03 
4.9109958e+22 	 2.5310000e+03 
4.9110081e+22 	 2.5320000e+03 
4.9110203e+22 	 2.5330000e+03 
4.9110326e+22 	 2.5340000e+03 
4.9110449e+22 	 2.5350000e+03 
4.9110572e+22 	 2.5360000e+03 
4.9110695e+22 	 2.5370000e+03 
4.9110817e+22 	 2.5380000e+03 
4.9110940e+22 	 2.5390000e+03 
4.9111063e+22 	 2.5400000e+03 
4.9111186e+22 	 2.5410000e+03 
4.9111308e+22 	 2.5420000e+03 
4.9111431e+22 	 2.5430000e+03 
4.9111554e+22 	 2.5440000e+03 
4.9111677e+22 	 2.5450000e+03 
4.9111800e+22 	 2.5460000e+03 
4.9111922e+22 	 2.5470000e+03 
4.9112045e+22 	 2.5480000e+03 
4.9112168e+22 	 2.5490000e+03 
4.9112291e+22 	 2.5500000e+03 
4.9112413e+22 	 2.5510000e+03 
4.9112536e+22 	 2.5520000e+03 
4.9112659e+22 	 2.5530000e+03 
4.9112782e+22 	 2.5540000e+03 
4.9112905e+22 	 2.5550000e+03 
4.9113049e+22 	 2.5560000e+03 
4.9113192e+22 	 2.5570000e+03 
4.9113335e+22 	 2.5580000e+03 
4.9113478e+22 	 2.5590000e+03 
4.9113619e+22 	 2.5600000e+03 
4.9113741e+22 	 2.5610000e+03 
4.9113864e+22 	 2.5620000e+03 
4.9113987e+22 	 2.5630000e+03 
4.9114110e+22 	 2.5640000e+03 
4.9114232e+22 	 2.5650000e+03 
4.9114355e+22 	 2.5660000e+03 
4.9114478e+22 	 2.5670000e+03 
4.9114601e+22 	 2.5680000e+03 
4.9114724e+22 	 2.5690000e+03 
4.9114846e+22 	 2.5700000e+03 
4.9114969e+22 	 2.5710000e+03 
4.9115092e+22 	 2.5720000e+03 
4.9115215e+22 	 2.5730000e+03 
4.9115337e+22 	 2.5740000e+03 
4.9115460e+22 	 2.5750000e+03 
4.9115583e+22 	 2.5760000e+03 
4.9115706e+22 	 2.5770000e+03 
4.9115829e+22 	 2.5780000e+03 
4.9115951e+22 	 2.5790000e+03 
4.9116074e+22 	 2.5800000e+03 
4.9116197e+22 	 2.5810000e+03 
4.9116320e+22 	 2.5820000e+03 
4.9116443e+22 	 2.5830000e+03 
4.9116565e+22 	 2.5840000e+03 
4.9116688e+22 	 2.5850000e+03 
4.9116811e+22 	 2.5860000e+03 
4.9116934e+22 	 2.5870000e+03 
4.9117056e+22 	 2.5880000e+03 
4.9117179e+22 	 2.5890000e+03 
4.9117302e+22 	 2.5900000e+03 
4.9117425e+22 	 2.5910000e+03 
4.9117548e+22 	 2.5920000e+03 
4.9117670e+22 	 2.5930000e+03 
4.9117793e+22 	 2.5940000e+03 
4.9117935e+22 	 2.5950000e+03 
4.9118078e+22 	 2.5960000e+03 
4.9118222e+22 	 2.5970000e+03 
4.9118365e+22 	 2.5980000e+03 
4.9118507e+22 	 2.5990000e+03 
4.9118630e+22 	 2.6000000e+03 
4.9118753e+22 	 2.6010000e+03 
4.9118875e+22 	 2.6020000e+03 
4.9118998e+22 	 2.6030000e+03 
4.9119121e+22 	 2.6040000e+03 
4.9119244e+22 	 2.6050000e+03 
4.9119367e+22 	 2.6060000e+03 
4.9119489e+22 	 2.6070000e+03 
4.9119612e+22 	 2.6080000e+03 
4.9119735e+22 	 2.6090000e+03 
4.9119858e+22 	 2.6100000e+03 
4.9119980e+22 	 2.6110000e+03 
4.9120103e+22 	 2.6120000e+03 
4.9120226e+22 	 2.6130000e+03 
4.9120349e+22 	 2.6140000e+03 
4.9120472e+22 	 2.6150000e+03 
4.9120594e+22 	 2.6160000e+03 
4.9120717e+22 	 2.6170000e+03 
4.9120840e+22 	 2.6180000e+03 
4.9120963e+22 	 2.6190000e+03 
4.9121085e+22 	 2.6200000e+03 
4.9121208e+22 	 2.6210000e+03 
4.9121331e+22 	 2.6220000e+03 
4.9121454e+22 	 2.6230000e+03 
4.9121577e+22 	 2.6240000e+03 
4.9121699e+22 	 2.6250000e+03 
4.9121822e+22 	 2.6260000e+03 
4.9121945e+22 	 2.6270000e+03 
4.9122068e+22 	 2.6280000e+03 
4.9122190e+22 	 2.6290000e+03 
4.9122313e+22 	 2.6300000e+03 
4.9122436e+22 	 2.6310000e+03 
4.9122559e+22 	 2.6320000e+03 
4.9122682e+22 	 2.6330000e+03 
4.9122822e+22 	 2.6340000e+03 
4.9122965e+22 	 2.6350000e+03 
4.9123108e+22 	 2.6360000e+03 
4.9123252e+22 	 2.6370000e+03 
4.9123395e+22 	 2.6380000e+03 
4.9123518e+22 	 2.6390000e+03 
4.9123641e+22 	 2.6400000e+03 
4.9123764e+22 	 2.6410000e+03 
4.9123887e+22 	 2.6420000e+03 
4.9124009e+22 	 2.6430000e+03 
4.9124132e+22 	 2.6440000e+03 
4.9124255e+22 	 2.6450000e+03 
4.9124378e+22 	 2.6460000e+03 
4.9124501e+22 	 2.6470000e+03 
4.9124623e+22 	 2.6480000e+03 
4.9124746e+22 	 2.6490000e+03 
4.9124869e+22 	 2.6500000e+03 
4.9124992e+22 	 2.6510000e+03 
4.9125114e+22 	 2.6520000e+03 
4.9125237e+22 	 2.6530000e+03 
4.9125360e+22 	 2.6540000e+03 
4.9125483e+22 	 2.6550000e+03 
4.9125606e+22 	 2.6560000e+03 
4.9125728e+22 	 2.6570000e+03 
4.9125851e+22 	 2.6580000e+03 
4.9125974e+22 	 2.6590000e+03 
4.9126097e+22 	 2.6600000e+03 
4.9126220e+22 	 2.6610000e+03 
4.9126342e+22 	 2.6620000e+03 
4.9126465e+22 	 2.6630000e+03 
4.9126588e+22 	 2.6640000e+03 
4.9126711e+22 	 2.6650000e+03 
4.9126833e+22 	 2.6660000e+03 
4.9126956e+22 	 2.6670000e+03 
4.9127079e+22 	 2.6680000e+03 
4.9127202e+22 	 2.6690000e+03 
4.9127325e+22 	 2.6700000e+03 
4.9127447e+22 	 2.6710000e+03 
4.9127570e+22 	 2.6720000e+03 
4.9127708e+22 	 2.6730000e+03 
4.9127852e+22 	 2.6740000e+03 
4.9127995e+22 	 2.6750000e+03 
4.9128138e+22 	 2.6760000e+03 
4.9128281e+22 	 2.6770000e+03 
4.9128407e+22 	 2.6780000e+03 
4.9128530e+22 	 2.6790000e+03 
4.9128652e+22 	 2.6800000e+03 
4.9128775e+22 	 2.6810000e+03 
4.9128898e+22 	 2.6820000e+03 
4.9129021e+22 	 2.6830000e+03 
4.9129144e+22 	 2.6840000e+03 
4.9129266e+22 	 2.6850000e+03 
4.9129389e+22 	 2.6860000e+03 
4.9129512e+22 	 2.6870000e+03 
4.9129635e+22 	 2.6880000e+03 
4.9129757e+22 	 2.6890000e+03 
4.9129880e+22 	 2.6900000e+03 
4.9130003e+22 	 2.6910000e+03 
4.9130126e+22 	 2.6920000e+03 
4.9130249e+22 	 2.6930000e+03 
4.9130371e+22 	 2.6940000e+03 
4.9130494e+22 	 2.6950000e+03 
4.9130617e+22 	 2.6960000e+03 
4.9130740e+22 	 2.6970000e+03 
4.9130862e+22 	 2.6980000e+03 
4.9130985e+22 	 2.6990000e+03 
4.9131108e+22 	 2.7000000e+03 
4.9131231e+22 	 2.7010000e+03 
4.9131354e+22 	 2.7020000e+03 
4.9131476e+22 	 2.7030000e+03 
4.9131599e+22 	 2.7040000e+03 
4.9131722e+22 	 2.7050000e+03 
4.9131845e+22 	 2.7060000e+03 
4.9131967e+22 	 2.7070000e+03 
4.9132090e+22 	 2.7080000e+03 
4.9132213e+22 	 2.7090000e+03 
4.9132336e+22 	 2.7100000e+03 
4.9132459e+22 	 2.7110000e+03 
4.9132595e+22 	 2.7120000e+03 
4.9132738e+22 	 2.7130000e+03 
4.9132881e+22 	 2.7140000e+03 
4.9133025e+22 	 2.7150000e+03 
4.9133168e+22 	 2.7160000e+03 
4.9133295e+22 	 2.7170000e+03 
4.9133418e+22 	 2.7180000e+03 
4.9133541e+22 	 2.7190000e+03 
4.9133664e+22 	 2.7200000e+03 
4.9133786e+22 	 2.7210000e+03 
4.9133909e+22 	 2.7220000e+03 
4.9134032e+22 	 2.7230000e+03 
4.9134155e+22 	 2.7240000e+03 
4.9134278e+22 	 2.7250000e+03 
4.9134400e+22 	 2.7260000e+03 
4.9134523e+22 	 2.7270000e+03 
4.9134646e+22 	 2.7280000e+03 
4.9134769e+22 	 2.7290000e+03 
4.9134891e+22 	 2.7300000e+03 
4.9135014e+22 	 2.7310000e+03 
4.9135137e+22 	 2.7320000e+03 
4.9135260e+22 	 2.7330000e+03 
4.9135383e+22 	 2.7340000e+03 
4.9135505e+22 	 2.7350000e+03 
4.9135628e+22 	 2.7360000e+03 
4.9135751e+22 	 2.7370000e+03 
4.9135874e+22 	 2.7380000e+03 
4.9135997e+22 	 2.7390000e+03 
4.9136119e+22 	 2.7400000e+03 
4.9136242e+22 	 2.7410000e+03 
4.9136365e+22 	 2.7420000e+03 
4.9136488e+22 	 2.7430000e+03 
4.9136610e+22 	 2.7440000e+03 
4.9136733e+22 	 2.7450000e+03 
4.9136856e+22 	 2.7460000e+03 
4.9136979e+22 	 2.7470000e+03 
4.9137102e+22 	 2.7480000e+03 
4.9137224e+22 	 2.7490000e+03 
4.9137347e+22 	 2.7500000e+03 
4.9137482e+22 	 2.7510000e+03 
4.9137625e+22 	 2.7520000e+03 
4.9137768e+22 	 2.7530000e+03 
4.9137911e+22 	 2.7540000e+03 
4.9138055e+22 	 2.7550000e+03 
4.9138184e+22 	 2.7560000e+03 
4.9138307e+22 	 2.7570000e+03 
4.9138429e+22 	 2.7580000e+03 
4.9138552e+22 	 2.7590000e+03 
4.9138675e+22 	 2.7600000e+03 
4.9138798e+22 	 2.7610000e+03 
4.9138920e+22 	 2.7620000e+03 
4.9139043e+22 	 2.7630000e+03 
4.9139166e+22 	 2.7640000e+03 
4.9139289e+22 	 2.7650000e+03 
4.9139412e+22 	 2.7660000e+03 
4.9139534e+22 	 2.7670000e+03 
4.9139657e+22 	 2.7680000e+03 
4.9139780e+22 	 2.7690000e+03 
4.9139903e+22 	 2.7700000e+03 
4.9140026e+22 	 2.7710000e+03 
4.9140148e+22 	 2.7720000e+03 
4.9140271e+22 	 2.7730000e+03 
4.9140394e+22 	 2.7740000e+03 
4.9140517e+22 	 2.7750000e+03 
4.9140639e+22 	 2.7760000e+03 
4.9140762e+22 	 2.7770000e+03 
4.9140885e+22 	 2.7780000e+03 
4.9141008e+22 	 2.7790000e+03 
4.9141131e+22 	 2.7800000e+03 
4.9141253e+22 	 2.7810000e+03 
4.9141376e+22 	 2.7820000e+03 
4.9141499e+22 	 2.7830000e+03 
4.9141622e+22 	 2.7840000e+03 
4.9141744e+22 	 2.7850000e+03 
4.9141867e+22 	 2.7860000e+03 
4.9141990e+22 	 2.7870000e+03 
4.9142113e+22 	 2.7880000e+03 
4.9142236e+22 	 2.7890000e+03 
4.9142368e+22 	 2.7900000e+03 
4.9142511e+22 	 2.7910000e+03 
4.9142655e+22 	 2.7920000e+03 
4.9142798e+22 	 2.7930000e+03 
4.9142941e+22 	 2.7940000e+03 
4.9143072e+22 	 2.7950000e+03 
4.9143195e+22 	 2.7960000e+03 
4.9143318e+22 	 2.7970000e+03 
4.9143441e+22 	 2.7980000e+03 
4.9143563e+22 	 2.7990000e+03 
4.9143686e+22 	 2.8000000e+03 
4.9143809e+22 	 2.8010000e+03 
4.9143932e+22 	 2.8020000e+03 
4.9144055e+22 	 2.8030000e+03 
4.9144177e+22 	 2.8040000e+03 
4.9144300e+22 	 2.8050000e+03 
4.9144423e+22 	 2.8060000e+03 
4.9144546e+22 	 2.8070000e+03 
4.9144668e+22 	 2.8080000e+03 
4.9144791e+22 	 2.8090000e+03 
4.9144914e+22 	 2.8100000e+03 
4.9145037e+22 	 2.8110000e+03 
4.9145160e+22 	 2.8120000e+03 
4.9145282e+22 	 2.8130000e+03 
4.9145405e+22 	 2.8140000e+03 
4.9145528e+22 	 2.8150000e+03 
4.9145651e+22 	 2.8160000e+03 
4.9145774e+22 	 2.8170000e+03 
4.9145896e+22 	 2.8180000e+03 
4.9146019e+22 	 2.8190000e+03 
4.9146142e+22 	 2.8200000e+03 
4.9146265e+22 	 2.8210000e+03 
4.9146387e+22 	 2.8220000e+03 
4.9146510e+22 	 2.8230000e+03 
4.9146633e+22 	 2.8240000e+03 
4.9146756e+22 	 2.8250000e+03 
4.9146879e+22 	 2.8260000e+03 
4.9147001e+22 	 2.8270000e+03 
4.9147124e+22 	 2.8280000e+03 
4.9147255e+22 	 2.8290000e+03 
4.9147398e+22 	 2.8300000e+03 
4.9147541e+22 	 2.8310000e+03 
4.9147684e+22 	 2.8320000e+03 
4.9147828e+22 	 2.8330000e+03 
4.9147961e+22 	 2.8340000e+03 
4.9148084e+22 	 2.8350000e+03 
4.9148206e+22 	 2.8360000e+03 
4.9148329e+22 	 2.8370000e+03 
4.9148452e+22 	 2.8380000e+03 
4.9148575e+22 	 2.8390000e+03 
4.9148697e+22 	 2.8400000e+03 
4.9148820e+22 	 2.8410000e+03 
4.9148943e+22 	 2.8420000e+03 
4.9149066e+22 	 2.8430000e+03 
4.9149189e+22 	 2.8440000e+03 
4.9149311e+22 	 2.8450000e+03 
4.9149434e+22 	 2.8460000e+03 
4.9149557e+22 	 2.8470000e+03 
4.9149680e+22 	 2.8480000e+03 
4.9149803e+22 	 2.8490000e+03 
4.9149925e+22 	 2.8500000e+03 
4.9150048e+22 	 2.8510000e+03 
4.9150171e+22 	 2.8520000e+03 
4.9150294e+22 	 2.8530000e+03 
4.9150416e+22 	 2.8540000e+03 
4.9150539e+22 	 2.8550000e+03 
4.9150662e+22 	 2.8560000e+03 
4.9150785e+22 	 2.8570000e+03 
4.9150908e+22 	 2.8580000e+03 
4.9151030e+22 	 2.8590000e+03 
4.9151153e+22 	 2.8600000e+03 
4.9151276e+22 	 2.8610000e+03 
4.9151399e+22 	 2.8620000e+03 
4.9151521e+22 	 2.8630000e+03 
4.9151644e+22 	 2.8640000e+03 
4.9151767e+22 	 2.8650000e+03 
4.9151890e+22 	 2.8660000e+03 
4.9152013e+22 	 2.8670000e+03 
4.9152141e+22 	 2.8680000e+03 
4.9152285e+22 	 2.8690000e+03 
4.9152428e+22 	 2.8700000e+03 
4.9152571e+22 	 2.8710000e+03 
4.9152714e+22 	 2.8720000e+03 
4.9152849e+22 	 2.8730000e+03 
4.9152972e+22 	 2.8740000e+03 
4.9153095e+22 	 2.8750000e+03 
4.9153218e+22 	 2.8760000e+03 
4.9153340e+22 	 2.8770000e+03 
4.9153463e+22 	 2.8780000e+03 
4.9153586e+22 	 2.8790000e+03 
4.9153709e+22 	 2.8800000e+03 
4.9153832e+22 	 2.8810000e+03 
4.9153954e+22 	 2.8820000e+03 
4.9154077e+22 	 2.8830000e+03 
4.9154200e+22 	 2.8840000e+03 
4.9154323e+22 	 2.8850000e+03 
4.9154445e+22 	 2.8860000e+03 
4.9154568e+22 	 2.8870000e+03 
4.9154691e+22 	 2.8880000e+03 
4.9154814e+22 	 2.8890000e+03 
4.9154937e+22 	 2.8900000e+03 
4.9155059e+22 	 2.8910000e+03 
