1.1302519e+21 	 0.0000000e+00 
1.1302519e+21 	 1.0000000e+00 
1.1302519e+21 	 2.0000000e+00 
1.1302519e+21 	 3.0000000e+00 
1.1302519e+21 	 4.0000000e+00 
1.1302519e+21 	 5.0000000e+00 
1.1302519e+21 	 6.0000000e+00 
1.1302519e+21 	 7.0000000e+00 
1.1302519e+21 	 8.0000000e+00 
1.1302519e+21 	 9.0000000e+00 
1.1302519e+21 	 1.0000000e+01 
1.1302542e+21 	 1.1000000e+01 
1.1302565e+21 	 1.2000000e+01 
1.1302587e+21 	 1.3000000e+01 
1.1302610e+21 	 1.4000000e+01 
1.1302632e+21 	 1.5000000e+01 
1.1302655e+21 	 1.6000000e+01 
1.1302677e+21 	 1.7000000e+01 
1.1302713e+21 	 1.8000000e+01 
1.1335489e+21 	 1.9000000e+01 
1.1368264e+21 	 2.0000000e+01 
1.1401040e+21 	 2.1000000e+01 
1.1433816e+21 	 2.2000000e+01 
1.1447913e+21 	 2.3000000e+01 
1.1447935e+21 	 2.4000000e+01 
1.1447958e+21 	 2.5000000e+01 
1.1447981e+21 	 2.6000000e+01 
1.1452650e+21 	 2.7000000e+01 
1.1485832e+21 	 2.8000000e+01 
1.1519014e+21 	 2.9000000e+01 
1.1552196e+21 	 3.0000000e+01 
1.1585378e+21 	 3.1000000e+01 
1.1595016e+21 	 3.2000000e+01 
1.1595039e+21 	 3.3000000e+01 
1.1595061e+21 	 3.4000000e+01 
1.1595084e+21 	 3.5000000e+01 
1.1604508e+21 	 3.6000000e+01 
1.1638118e+21 	 3.7000000e+01 
1.1671729e+21 	 3.8000000e+01 
1.1705340e+21 	 3.9000000e+01 
1.1738951e+21 	 4.0000000e+01 
1.1744019e+21 	 4.1000000e+01 
1.1744042e+21 	 4.2000000e+01 
1.1744064e+21 	 4.3000000e+01 
1.1744087e+21 	 4.4000000e+01 
1.1758385e+21 	 4.5000000e+01 
1.1792424e+21 	 4.6000000e+01 
1.1826464e+21 	 4.7000000e+01 
1.1860504e+21 	 4.8000000e+01 
1.1894544e+21 	 4.9000000e+01 
1.1894922e+21 	 5.0000000e+01 
1.1894945e+21 	 5.1000000e+01 
1.1894967e+21 	 5.2000000e+01 
1.1894990e+21 	 5.3000000e+01 
1.1914282e+21 	 5.4000000e+01 
1.1948750e+21 	 5.5000000e+01 
1.1983219e+21 	 5.6000000e+01 
1.2017688e+21 	 5.7000000e+01 
1.2047706e+21 	 5.8000000e+01 
1.2047751e+21 	 5.9000000e+01 
1.2047796e+21 	 6.0000000e+01 
1.2047841e+21 	 6.1000000e+01 
1.2047886e+21 	 6.2000000e+01 
1.2047916e+21 	 6.3000000e+01 
1.2047938e+21 	 6.4000000e+01 
1.2047961e+21 	 6.5000000e+01 
1.2047983e+21 	 6.6000000e+01 
1.2057394e+21 	 6.7000000e+01 
1.2092314e+21 	 6.8000000e+01 
1.2127234e+21 	 6.9000000e+01 
1.2162154e+21 	 7.0000000e+01 
1.2197074e+21 	 7.1000000e+01 
1.2202719e+21 	 7.2000000e+01 
1.2202742e+21 	 7.3000000e+01 
1.2202764e+21 	 7.4000000e+01 
1.2202787e+21 	 7.5000000e+01 
1.2217259e+21 	 7.6000000e+01 
1.2252631e+21 	 7.7000000e+01 
1.2288002e+21 	 7.8000000e+01 
1.2323373e+21 	 7.9000000e+01 
1.2358745e+21 	 8.0000000e+01 
1.2359522e+21 	 8.1000000e+01 
1.2359545e+21 	 8.2000000e+01 
1.2359567e+21 	 8.3000000e+01 
1.2359590e+21 	 8.4000000e+01 
1.2379250e+21 	 8.5000000e+01 
1.2415073e+21 	 8.6000000e+01 
1.2450896e+21 	 8.7000000e+01 
1.2486719e+21 	 8.8000000e+01 
1.2522595e+21 	 8.9000000e+01 
1.2558870e+21 	 9.0000000e+01 
1.2595144e+21 	 9.1000000e+01 
1.2631418e+21 	 9.2000000e+01 
1.2667693e+21 	 9.3000000e+01 
1.2704293e+21 	 9.4000000e+01 
1.2741042e+21 	 9.5000000e+01 
1.2777790e+21 	 9.6000000e+01 
1.2814539e+21 	 9.7000000e+01 
1.2851409e+21 	 9.8000000e+01 
1.2888632e+21 	 9.9000000e+01 
1.2925854e+21 	 1.0000000e+02 
1.2963076e+21 	 1.0100000e+02 
1.3000299e+21 	 1.0200000e+02 
1.3037914e+21 	 1.0300000e+02 
1.3075610e+21 	 1.0400000e+02 
1.3113307e+21 	 1.0500000e+02 
1.3151003e+21 	 1.0600000e+02 
1.3188897e+21 	 1.0700000e+02 
1.3227090e+21 	 1.0800000e+02 
1.3265283e+21 	 1.0900000e+02 
1.3303476e+21 	 1.1000000e+02 
1.3341669e+21 	 1.1100000e+02 
1.3380321e+21 	 1.1200000e+02 
1.3418988e+21 	 1.1300000e+02 
1.3457655e+21 	 1.1400000e+02 
1.3496323e+21 	 1.1500000e+02 
1.3535257e+21 	 1.1600000e+02 
1.3574420e+21 	 1.1700000e+02 
1.3613584e+21 	 1.1800000e+02 
1.3652748e+21 	 1.1900000e+02 
1.3691967e+21 	 1.2000000e+02 
1.3731650e+21 	 1.2100000e+02 
1.3771333e+21 	 1.2200000e+02 
1.3811016e+21 	 1.2300000e+02 
1.3850699e+21 	 1.2400000e+02 
1.3890718e+21 	 1.2500000e+02 
1.3930897e+21 	 1.2600000e+02 
1.3971077e+21 	 1.2700000e+02 
1.4011256e+21 	 1.2800000e+02 
1.4041506e+21 	 1.2900000e+02 
1.4041528e+21 	 1.3000000e+02 
1.4041551e+21 	 1.3100000e+02 
1.4041573e+21 	 1.3200000e+02 
1.4041596e+21 	 1.3300000e+02 
1.4221818e+21 	 1.3400000e+02 
1.4221841e+21 	 1.3500000e+02 
1.4221864e+21 	 1.3600000e+02 
1.4221886e+21 	 1.3700000e+02 
1.4404409e+21 	 1.3800000e+02 
1.4404431e+21 	 1.3900000e+02 
1.4404454e+21 	 1.4000000e+02 
1.4404476e+21 	 1.4100000e+02 
1.4404499e+21 	 1.4200000e+02 
1.4589343e+21 	 1.4300000e+02 
1.4589388e+21 	 1.4400000e+02 
1.4589433e+21 	 1.4500000e+02 
1.4589479e+21 	 1.4600000e+02 
1.4776624e+21 	 1.4700000e+02 
1.4776669e+21 	 1.4800000e+02 
1.4776714e+21 	 1.4900000e+02 
1.4776759e+21 	 1.5000000e+02 
1.4780939e+21 	 1.5100000e+02 
1.4823759e+21 	 1.5200000e+02 
1.4866580e+21 	 1.5300000e+02 
1.4909400e+21 	 1.5400000e+02 
1.4952220e+21 	 1.5500000e+02 
1.4995417e+21 	 1.5600000e+02 
1.5038802e+21 	 1.5700000e+02 
1.5082187e+21 	 1.5800000e+02 
1.5125572e+21 	 1.5900000e+02 
1.5169085e+21 	 1.6000000e+02 
1.5213011e+21 	 1.6100000e+02 
1.5256938e+21 	 1.6200000e+02 
1.5300864e+21 	 1.6300000e+02 
1.5344791e+21 	 1.6400000e+02 
1.5389190e+21 	 1.6500000e+02 
1.5433704e+21 	 1.6600000e+02 
1.5478217e+21 	 1.6700000e+02 
1.5522731e+21 	 1.6800000e+02 
1.5567448e+21 	 1.6900000e+02 
1.5612503e+21 	 1.7000000e+02 
1.5657558e+21 	 1.7100000e+02 
1.5702613e+21 	 1.7200000e+02 
1.5747668e+21 	 1.7300000e+02 
1.5793300e+21 	 1.7400000e+02 
1.5838965e+21 	 1.7500000e+02 
1.5884629e+21 	 1.7600000e+02 
1.5930294e+21 	 1.7700000e+02 
1.5976250e+21 	 1.7800000e+02 
1.6022479e+21 	 1.7900000e+02 
1.6068708e+21 	 1.8000000e+02 
1.6114937e+21 	 1.8100000e+02 
1.6161216e+21 	 1.8200000e+02 
1.6208032e+21 	 1.8300000e+02 
1.6254848e+21 	 1.8400000e+02 
1.6301664e+21 	 1.8500000e+02 
1.6348479e+21 	 1.8600000e+02 
1.6395710e+21 	 1.8700000e+02 
1.6443157e+21 	 1.8800000e+02 
1.6490605e+21 	 1.8900000e+02 
1.6538053e+21 	 1.9000000e+02 
1.6585633e+21 	 1.9100000e+02 
1.6633668e+21 	 1.9200000e+02 
1.6681703e+21 	 1.9300000e+02 
1.6729738e+21 	 1.9400000e+02 
1.6777773e+21 	 1.9500000e+02 
1.6826292e+21 	 1.9600000e+02 
1.6874936e+21 	 1.9700000e+02 
1.6923580e+21 	 1.9800000e+02 
1.6972225e+21 	 1.9900000e+02 
1.7021108e+21 	 2.0000000e+02 
1.7070407e+21 	 2.0100000e+02 
1.7119706e+21 	 2.0200000e+02 
1.7169005e+21 	 2.0300000e+02 
1.7218303e+21 	 2.0400000e+02 
1.7268172e+21 	 2.0500000e+02 
1.7318080e+21 	 2.0600000e+02 
1.7367989e+21 	 2.0700000e+02 
1.7417897e+21 	 2.0800000e+02 
1.7468124e+21 	 2.0900000e+02 
1.7518665e+21 	 2.1000000e+02 
1.7569205e+21 	 2.1100000e+02 
1.7619746e+21 	 2.1200000e+02 
1.7670337e+21 	 2.1300000e+02 
1.7721554e+21 	 2.1400000e+02 
1.7772772e+21 	 2.1500000e+02 
1.7823989e+21 	 2.1600000e+02 
1.7875207e+21 	 2.1700000e+02 
1.7926832e+21 	 2.1800000e+02 
1.7978681e+21 	 2.1900000e+02 
1.8030531e+21 	 2.2000000e+02 
1.8082380e+21 	 2.2100000e+02 
1.8134375e+21 	 2.2200000e+02 
1.8186902e+21 	 2.2300000e+02 
1.8239429e+21 	 2.2400000e+02 
1.8291955e+21 	 2.2500000e+02 
1.8344482e+21 	 2.2600000e+02 
1.8397540e+21 	 2.2700000e+02 
1.8450744e+21 	 2.2800000e+02 
1.8503948e+21 	 2.2900000e+02 
1.8557152e+21 	 2.3000000e+02 
1.8610596e+21 	 2.3100000e+02 
1.8664477e+21 	 2.3200000e+02 
1.8718358e+21 	 2.3300000e+02 
1.8772239e+21 	 2.3400000e+02 
1.8826121e+21 	 2.3500000e+02 
1.8880648e+21 	 2.3600000e+02 
1.8935229e+21 	 2.3700000e+02 
1.8989810e+21 	 2.3800000e+02 
1.9044391e+21 	 2.3900000e+02 
1.9099317e+21 	 2.4000000e+02 
1.9154598e+21 	 2.4100000e+02 
1.9209879e+21 	 2.4200000e+02 
1.9265160e+21 	 2.4300000e+02 
1.9320485e+21 	 2.4400000e+02 
1.9376465e+21 	 2.4500000e+02 
1.9432446e+21 	 2.4600000e+02 
1.9488426e+21 	 2.4700000e+02 
1.9544406e+21 	 2.4800000e+02 
1.9600844e+21 	 2.4900000e+02 
1.9657547e+21 	 2.5000000e+02 
1.9714250e+21 	 2.5100000e+02 
1.9770953e+21 	 2.5200000e+02 
1.9827803e+21 	 2.5300000e+02 
1.9885228e+21 	 2.5400000e+02 
1.9942653e+21 	 2.5500000e+02 
2.0000077e+21 	 2.5600000e+02 
2.0057502e+21 	 2.5700000e+02 
2.0115521e+21 	 2.5800000e+02 
2.0173714e+21 	 2.5900000e+02 
2.0231906e+21 	 2.6000000e+02 
2.0290099e+21 	 2.6100000e+02 
2.0348540e+21 	 2.6200000e+02 
2.0407454e+21 	 2.6300000e+02 
2.0466369e+21 	 2.6400000e+02 
2.0525284e+21 	 2.6500000e+02 
2.0584199e+21 	 2.6600000e+02 
2.0643794e+21 	 2.6700000e+02 
2.0703454e+21 	 2.6800000e+02 
2.0763113e+21 	 2.6900000e+02 
2.0822773e+21 	 2.7000000e+02 
2.0882815e+21 	 2.7100000e+02 
2.0943264e+21 	 2.7200000e+02 
2.1003714e+21 	 2.7300000e+02 
2.1064164e+21 	 2.7400000e+02 
2.1124654e+21 	 2.7500000e+02 
2.1185872e+21 	 2.7600000e+02 
2.1247089e+21 	 2.7700000e+02 
2.1308306e+21 	 2.7800000e+02 
2.1369524e+21 	 2.7900000e+02 
2.1431233e+21 	 2.8000000e+02 
2.1493240e+21 	 2.8100000e+02 
2.1555247e+21 	 2.8200000e+02 
2.1617255e+21 	 2.8300000e+02 
2.1679414e+21 	 2.8400000e+02 
2.1742211e+21 	 2.8500000e+02 
2.1805009e+21 	 2.8600000e+02 
2.1867806e+21 	 2.8700000e+02 
2.1930603e+21 	 2.8800000e+02 
2.1994003e+21 	 2.8900000e+02 
2.2057591e+21 	 2.9000000e+02 
2.2121178e+21 	 2.9100000e+02 
2.2184766e+21 	 2.9200000e+02 
2.2248631e+21 	 2.9300000e+02 
2.2313053e+21 	 2.9400000e+02 
2.2377476e+21 	 2.9500000e+02 
2.2441899e+21 	 2.9600000e+02 
2.2506321e+21 	 2.9700000e+02 
2.2571498e+21 	 2.9800000e+02 
2.2636755e+21 	 2.9900000e+02 
2.2702013e+21 	 3.0000000e+02 
2.2767271e+21 	 3.0100000e+02 
2.2832923e+21 	 3.0200000e+02 
2.2899016e+21 	 3.0300000e+02 
2.2965109e+21 	 3.0400000e+02 
2.3031202e+21 	 3.0500000e+02 
2.3097330e+21 	 3.0600000e+02 
2.3164258e+21 	 3.0700000e+02 
2.3231187e+21 	 3.0800000e+02 
2.3298115e+21 	 3.0900000e+02 
2.3365043e+21 	 3.1000000e+02 
2.3432496e+21 	 3.1100000e+02 
2.3500282e+21 	 3.1200000e+02 
2.3568068e+21 	 3.1300000e+02 
2.3635854e+21 	 3.1400000e+02 
2.3703800e+21 	 3.1500000e+02 
2.3772466e+21 	 3.1600000e+02 
2.3841132e+21 	 3.1700000e+02 
2.3909798e+21 	 3.1800000e+02 
2.3978465e+21 	 3.1900000e+02 
2.4047793e+21 	 3.2000000e+02 
2.4117339e+21 	 3.2100000e+02 
2.4186886e+21 	 3.2200000e+02 
2.4256433e+21 	 3.2300000e+02 
2.4326270e+21 	 3.2400000e+02 
2.4396719e+21 	 3.2500000e+02 
2.4467169e+21 	 3.2600000e+02 
2.4537618e+21 	 3.2700000e+02 
2.4608068e+21 	 3.2800000e+02 
2.4679302e+21 	 3.2900000e+02 
2.4750632e+21 	 3.3000000e+02 
2.4821962e+21 	 3.3100000e+02 
2.4893292e+21 	 3.3200000e+02 
2.5251631e+21 	 3.3300000e+02 
2.5251699e+21 	 3.3400000e+02 
2.5251767e+21 	 3.3500000e+02 
2.5251834e+21 	 3.3600000e+02 
2.5575802e+21 	 3.3700000e+02 
2.5575870e+21 	 3.3800000e+02 
2.5575938e+21 	 3.3900000e+02 
2.5576005e+21 	 3.4000000e+02 
2.5576073e+21 	 3.4100000e+02 
2.5904241e+21 	 3.4200000e+02 
2.5904308e+21 	 3.4300000e+02 
2.5904376e+21 	 3.4400000e+02 
2.5904444e+21 	 3.4500000e+02 
2.6236812e+21 	 3.4600000e+02 
2.6236879e+21 	 3.4700000e+02 
2.6236947e+21 	 3.4800000e+02 
2.6237015e+21 	 3.4900000e+02 
2.6237082e+21 	 3.5000000e+02 
2.6630767e+21 	 3.5100000e+02 
2.6707787e+21 	 3.5200000e+02 
2.6784807e+21 	 3.5300000e+02 
2.6861826e+21 	 3.5400000e+02 
2.6939155e+21 	 3.5500000e+02 
2.7017166e+21 	 3.5600000e+02 
2.7095177e+21 	 3.5700000e+02 
2.7173189e+21 	 3.5800000e+02 
2.7251200e+21 	 3.5900000e+02 
2.7330086e+21 	 3.6000000e+02 
2.7409091e+21 	 3.6100000e+02 
2.7488095e+21 	 3.6200000e+02 
2.7567100e+21 	 3.6300000e+02 
2.7646562e+21 	 3.6400000e+02 
2.7726582e+21 	 3.6500000e+02 
2.7806603e+21 	 3.6600000e+02 
2.7886623e+21 	 3.6700000e+02 
2.7966665e+21 	 3.6800000e+02 
2.8047723e+21 	 3.6900000e+02 
2.8128782e+21 	 3.7000000e+02 
2.8209840e+21 	 3.7100000e+02 
2.8290898e+21 	 3.7200000e+02 
2.8372570e+21 	 3.7300000e+02 
2.8454668e+21 	 3.7400000e+02 
2.8536765e+21 	 3.7500000e+02 
2.8618862e+21 	 3.7600000e+02 
2.8701126e+21 	 3.7700000e+02 
2.8784261e+21 	 3.7800000e+02 
2.8867397e+21 	 3.7900000e+02 
2.8950532e+21 	 3.8000000e+02 
2.9033668e+21 	 3.8100000e+02 
2.9117594e+21 	 3.8200000e+02 
2.9201813e+21 	 3.8300000e+02 
2.9286031e+21 	 3.8400000e+02 
2.9370250e+21 	 3.8500000e+02 
2.9454794e+21 	 3.8600000e+02 
2.9540097e+21 	 3.8700000e+02 
2.9625399e+21 	 3.8800000e+02 
2.9710701e+21 	 3.8900000e+02 
2.9796004e+21 	 3.9000000e+02 
2.9882249e+21 	 3.9100000e+02 
2.9968634e+21 	 3.9200000e+02 
3.0055020e+21 	 3.9300000e+02 
3.0141406e+21 	 3.9400000e+02 
3.0228278e+21 	 3.9500000e+02 
3.0315770e+21 	 3.9600000e+02 
3.0403262e+21 	 3.9700000e+02 
3.0490754e+21 	 3.9800000e+02 
3.0578257e+21 	 3.9900000e+02 
3.0666877e+21 	 4.0000000e+02 
3.0755498e+21 	 4.0100000e+02 
3.0844118e+21 	 4.0200000e+02 
3.0932739e+21 	 4.0300000e+02 
3.1022026e+21 	 4.0400000e+02 
3.1111798e+21 	 4.0500000e+02 
3.1201570e+21 	 4.0600000e+02 
3.1291342e+21 	 4.0700000e+02 
3.1381282e+21 	 4.0800000e+02 
3.1472183e+21 	 4.0900000e+02 
3.1563083e+21 	 4.1000000e+02 
3.1653983e+21 	 4.1100000e+02 
3.1744883e+21 	 4.1200000e+02 
3.1836644e+21 	 4.1300000e+02 
3.1928741e+21 	 4.1400000e+02 
3.2020838e+21 	 4.1500000e+02 
3.2112935e+21 	 4.1600000e+02 
3.2205364e+21 	 4.1700000e+02 
3.2298612e+21 	 4.1800000e+02 
3.2391860e+21 	 4.1900000e+02 
3.2485108e+21 	 4.2000000e+02 
3.2578356e+21 	 4.2100000e+02 
3.2672651e+21 	 4.2200000e+02 
3.2767118e+21 	 4.2300000e+02 
3.2861585e+21 	 4.2400000e+02 
3.2956052e+21 	 4.2500000e+02 
3.3051042e+21 	 4.2600000e+02 
3.3146727e+21 	 4.2700000e+02 
3.3242413e+21 	 4.2800000e+02 
3.3338099e+21 	 4.2900000e+02 
3.3433784e+21 	 4.3000000e+02 
3.3862868e+21 	 4.3100000e+02 
3.3862935e+21 	 4.3200000e+02 
3.3863003e+21 	 4.3300000e+02 
3.3863071e+21 	 4.3400000e+02 
3.4297639e+21 	 4.3500000e+02 
3.4297706e+21 	 4.3600000e+02 
3.4297774e+21 	 4.3700000e+02 
3.4297842e+21 	 4.3800000e+02 
3.4738009e+21 	 4.3900000e+02 
3.4738077e+21 	 4.4000000e+02 
3.4738145e+21 	 4.4100000e+02 
3.4738213e+21 	 4.4200000e+02 
3.4738280e+21 	 4.4300000e+02 
3.5184064e+21 	 4.4400000e+02 
3.5184154e+21 	 4.4500000e+02 
3.5184245e+21 	 4.4600000e+02 
3.5184335e+21 	 4.4700000e+02 
3.5212775e+21 	 4.4800000e+02 
3.5314736e+21 	 4.4900000e+02 
3.5416697e+21 	 4.5000000e+02 
3.5518658e+21 	 4.5100000e+02 
3.5620619e+21 	 4.5200000e+02 
3.5723710e+21 	 4.5300000e+02 
3.5827002e+21 	 4.5400000e+02 
3.5930295e+21 	 4.5500000e+02 
3.6033588e+21 	 4.5600000e+02 
3.6137428e+21 	 4.5700000e+02 
3.6242030e+21 	 4.5800000e+02 
3.6346632e+21 	 4.5900000e+02 
3.6451234e+21 	 4.6000000e+02 
3.6555836e+21 	 4.6100000e+02 
3.7132106e+21 	 4.6200000e+02 
3.7239419e+21 	 4.6300000e+02 
3.7346732e+21 	 4.6400000e+02 
3.7454045e+21 	 4.6500000e+02 
3.7562138e+21 	 4.6600000e+02 
3.7670848e+21 	 4.6700000e+02 
3.7779558e+21 	 4.6800000e+02 
3.7888269e+21 	 4.6900000e+02 
3.7997155e+21 	 4.7000000e+02 
3.8107242e+21 	 4.7100000e+02 
3.8217329e+21 	 4.7200000e+02 
3.8327416e+21 	 4.7300000e+02 
3.8437503e+21 	 4.7400000e+02 
3.8548567e+21 	 4.7500000e+02 
3.8660053e+21 	 4.7600000e+02 
3.8771540e+21 	 4.7700000e+02 
3.8883027e+21 	 4.7800000e+02 
3.8994900e+21 	 4.7900000e+02 
3.9107831e+21 	 4.8000000e+02 
3.9220762e+21 	 4.8100000e+02 
3.9333693e+21 	 4.8200000e+02 
3.9446624e+21 	 4.8300000e+02 
3.9560765e+21 	 4.8400000e+02 
3.9675141e+21 	 4.8500000e+02 
3.9789518e+21 	 4.8600000e+02 
3.9903894e+21 	 4.8700000e+02 
4.0018877e+21 	 4.8800000e+02 
4.0134743e+21 	 4.8900000e+02 
4.0250608e+21 	 4.9000000e+02 
4.0366474e+21 	 4.9100000e+02 
4.0482340e+21 	 4.9200000e+02 
4.0599639e+21 	 4.9300000e+02 
4.0716972e+21 	 4.9400000e+02 
4.0834306e+21 	 4.9500000e+02 
4.0951639e+21 	 4.9600000e+02 
4.1069799e+21 	 4.9700000e+02 
4.1188644e+21 	 4.9800000e+02 
4.1307489e+21 	 4.9900000e+02 
4.1426335e+21 	 5.0000000e+02 
4.1545359e+21 	 5.0100000e+02 
4.1665740e+21 	 5.0200000e+02 
4.1786120e+21 	 5.0300000e+02 
4.1906501e+21 	 5.0400000e+02 
4.2026881e+21 	 5.0500000e+02 
4.2148315e+21 	 5.0600000e+02 
4.2270231e+21 	 5.0700000e+02 
4.2392146e+21 	 5.0800000e+02 
4.2514061e+21 	 5.0900000e+02 
4.2636376e+21 	 5.1000000e+02 
4.2759849e+21 	 5.1100000e+02 
4.2883322e+21 	 5.1200000e+02 
4.3006795e+21 	 5.1300000e+02 
4.3130268e+21 	 5.1400000e+02 
4.3255065e+21 	 5.1500000e+02 
4.3380140e+21 	 5.1600000e+02 
4.3505215e+21 	 5.1700000e+02 
4.3630291e+21 	 5.1800000e+02 
4.4317334e+21 	 5.1900000e+02 
4.4445640e+21 	 5.2000000e+02 
4.4573947e+21 	 5.2100000e+02 
4.4702253e+21 	 5.2200000e+02 
4.4830559e+21 	 5.2300000e+02 
4.4960433e+21 	 5.2400000e+02 
4.5090362e+21 	 5.2500000e+02 
4.5220291e+21 	 5.2600000e+02 
4.5350220e+21 	 5.2700000e+02 
4.5481056e+21 	 5.2800000e+02 
4.5612677e+21 	 5.2900000e+02 
4.5744299e+21 	 5.3000000e+02 
4.5875920e+21 	 5.3100000e+02 
4.6007718e+21 	 5.3200000e+02 
4.6141010e+21 	 5.3300000e+02 
4.6274303e+21 	 5.3400000e+02 
4.6407595e+21 	 5.3500000e+02 
4.6540887e+21 	 5.3600000e+02 
4.6675353e+21 	 5.3700000e+02 
4.6810383e+21 	 5.3800000e+02 
4.6945413e+21 	 5.3900000e+02 
4.7080443e+21 	 5.4000000e+02 
4.7215894e+21 	 5.4100000e+02 
4.7352640e+21 	 5.4200000e+02 
4.7489386e+21 	 5.4300000e+02 
4.7626132e+21 	 5.4400000e+02 
4.7762877e+21 	 5.4500000e+02 
4.7901058e+21 	 5.4600000e+02 
4.8039564e+21 	 5.4700000e+02 
4.8178070e+21 	 5.4800000e+02 
4.8316576e+21 	 5.4900000e+02 
4.9077443e+21 	 5.5000000e+02 
4.9219520e+21 	 5.5100000e+02 
4.9361596e+21 	 5.5200000e+02 
4.9503673e+21 	 5.5300000e+02 
4.9645749e+21 	 5.5400000e+02 
4.9789569e+21 	 5.5500000e+02 
4.9933470e+21 	 5.5600000e+02 
5.0077371e+21 	 5.5700000e+02 
5.0221272e+21 	 5.5800000e+02 
5.1012316e+21 	 5.5900000e+02 
5.1159945e+21 	 5.6000000e+02 
5.1307574e+21 	 5.6100000e+02 
5.1455203e+21 	 5.6200000e+02 
5.1603012e+21 	 5.6300000e+02 
5.1752534e+21 	 5.6400000e+02 
5.1902055e+21 	 5.6500000e+02 
5.2051577e+21 	 5.6600000e+02 
5.2201098e+21 	 5.6700000e+02 
5.2351896e+21 	 5.6800000e+02 
5.2503336e+21 	 5.6900000e+02 
5.2654777e+21 	 5.7000000e+02 
5.2806218e+21 	 5.7100000e+02 
5.3637560e+21 	 5.7200000e+02 
5.3792909e+21 	 5.7300000e+02 
5.3948258e+21 	 5.7400000e+02 
5.4103607e+21 	 5.7500000e+02 
5.4258956e+21 	 5.7600000e+02 
5.4415919e+21 	 5.7700000e+02 
5.4573273e+21 	 5.7800000e+02 
5.4730628e+21 	 5.7900000e+02 
5.4887983e+21 	 5.8000000e+02 
5.5046090e+21 	 5.8100000e+02 
5.5205453e+21 	 5.8200000e+02 
5.5364816e+21 	 5.8300000e+02 
5.5524179e+21 	 5.8400000e+02 
5.5683543e+21 	 5.8500000e+02 
5.6561273e+21 	 5.8600000e+02 
5.6724749e+21 	 5.8700000e+02 
5.6888224e+21 	 5.8800000e+02 
5.7051700e+21 	 5.8900000e+02 
5.7216265e+21 	 5.9000000e+02 
5.7381858e+21 	 5.9100000e+02 
5.7547451e+21 	 5.9200000e+02 
5.7713045e+21 	 5.9300000e+02 
5.8621380e+21 	 5.9400000e+02 
5.8791244e+21 	 5.9500000e+02 
5.8961108e+21 	 5.9600000e+02 
5.9130972e+21 	 5.9700000e+02 
5.9300836e+21 	 5.9800000e+02 
5.9472129e+21 	 5.9900000e+02 
5.9644178e+21 	 6.0000000e+02 
5.9816227e+21 	 6.0100000e+02 
5.9988276e+21 	 6.0200000e+02 
6.0160816e+21 	 6.0300000e+02 
6.0335055e+21 	 6.0400000e+02 
6.0509294e+21 	 6.0500000e+02 
6.0683533e+21 	 6.0600000e+02 
6.0857772e+21 	 6.0700000e+02 
6.1816780e+21 	 6.0800000e+02 
6.1995537e+21 	 6.0900000e+02 
6.2174294e+21 	 6.1000000e+02 
6.2353051e+21 	 6.1100000e+02 
6.2532645e+21 	 6.1200000e+02 
6.2713700e+21 	 6.1300000e+02 
6.2894756e+21 	 6.1400000e+02 
6.3075811e+21 	 6.1500000e+02 
6.3256867e+21 	 6.1600000e+02 
6.3440094e+21 	 6.1700000e+02 
6.3623475e+21 	 6.1800000e+02 
6.3806856e+21 	 6.1900000e+02 
6.3990237e+21 	 6.2000000e+02 
6.4998087e+21 	 6.2100000e+02 
6.5186213e+21 	 6.2200000e+02 
6.5374338e+21 	 6.2300000e+02 
6.5562464e+21 	 6.2400000e+02 
6.5750765e+21 	 6.2500000e+02 
6.5941278e+21 	 6.2600000e+02 
6.6131792e+21 	 6.2700000e+02 
6.6322305e+21 	 6.2800000e+02 
6.6512819e+21 	 6.2900000e+02 
6.6704915e+21 	 6.3000000e+02 
6.6897890e+21 	 6.3100000e+02 
6.7090864e+21 	 6.3200000e+02 
6.7283839e+21 	 6.3300000e+02 
6.8343052e+21 	 6.3400000e+02 
6.8540996e+21 	 6.3500000e+02 
6.8738940e+21 	 6.3600000e+02 
6.8936884e+21 	 6.3700000e+02 
6.9134828e+21 	 6.3800000e+02 
6.9334785e+21 	 6.3900000e+02 
6.9535299e+21 	 6.4000000e+02 
6.9735813e+21 	 6.4100000e+02 
6.9936327e+21 	 6.4200000e+02 
7.0137741e+21 	 6.4300000e+02 
7.0340805e+21 	 6.4400000e+02 
7.0543869e+21 	 6.4500000e+02 
7.0746933e+21 	 6.4600000e+02 
7.0949997e+21 	 6.4700000e+02 
7.2068377e+21 	 6.4800000e+02 
7.2276683e+21 	 6.4900000e+02 
7.2484989e+21 	 6.5000000e+02 
7.2693295e+21 	 6.5100000e+02 
7.2902933e+21 	 6.5200000e+02 
7.3113942e+21 	 6.5300000e+02 
7.3324952e+21 	 6.5400000e+02 
7.3535962e+21 	 6.5500000e+02 
7.3747139e+21 	 6.5600000e+02 
7.3960835e+21 	 6.5700000e+02 
7.4174530e+21 	 6.5800000e+02 
7.4388226e+21 	 6.5900000e+02 
7.4601922e+21 	 6.6000000e+02 
7.4817359e+21 	 6.6100000e+02 
7.5033809e+21 	 6.6200000e+02 
7.5250259e+21 	 6.6300000e+02 
7.5466710e+21 	 6.6400000e+02 
7.6654670e+21 	 6.6500000e+02 
7.6876723e+21 	 6.6600000e+02 
7.7098777e+21 	 6.6700000e+02 
7.7320830e+21 	 6.6800000e+02 
7.7542883e+21 	 6.6900000e+02 
7.7767128e+21 	 6.7000000e+02 
7.7992020e+21 	 6.7100000e+02 
7.8216913e+21 	 6.7200000e+02 
7.8441805e+21 	 6.7300000e+02 
7.8667677e+21 	 6.7400000e+02 
7.8895436e+21 	 6.7500000e+02 
7.9123195e+21 	 6.7600000e+02 
7.9350953e+21 	 6.7700000e+02 
7.9578712e+21 	 6.7800000e+02 
8.0833124e+21 	 6.7900000e+02 
8.1066779e+21 	 6.8000000e+02 
8.1300434e+21 	 6.8100000e+02 
8.1534089e+21 	 6.8200000e+02 
8.1769199e+21 	 6.8300000e+02 
8.2005875e+21 	 6.8400000e+02 
8.2242550e+21 	 6.8500000e+02 
8.2479225e+21 	 6.8600000e+02 
8.2716057e+21 	 6.8700000e+02 
8.2955757e+21 	 6.8800000e+02 
8.3195457e+21 	 6.8900000e+02 
8.3435157e+21 	 6.9000000e+02 
8.3674857e+21 	 6.9100000e+02 
8.3916464e+21 	 6.9200000e+02 
8.4159234e+21 	 6.9300000e+02 
8.4402003e+21 	 6.9400000e+02 
8.4644772e+21 	 6.9500000e+02 
8.5977219e+21 	 6.9600000e+02 
8.6226269e+21 	 6.9700000e+02 
8.6475320e+21 	 6.9800000e+02 
8.6724371e+21 	 6.9900000e+02 
8.6973422e+21 	 7.0000000e+02 
8.7224908e+21 	 7.0100000e+02 
8.7477158e+21 	 7.0200000e+02 
8.7729407e+21 	 7.0300000e+02 
8.7981657e+21 	 7.0400000e+02 
8.8234976e+21 	 7.0500000e+02 
8.8490455e+21 	 7.0600000e+02 
8.8745933e+21 	 7.0700000e+02 
8.9001411e+21 	 7.0800000e+02 
8.9256890e+21 	 7.0900000e+02 
9.0663785e+21 	 7.1000000e+02 
9.0925860e+21 	 7.1100000e+02 
9.1187935e+21 	 7.1200000e+02 
9.1450010e+21 	 7.1300000e+02 
9.1713676e+21 	 7.1400000e+02 
9.1979132e+21 	 7.1500000e+02 
9.2244588e+21 	 7.1600000e+02 
9.2510043e+21 	 7.1700000e+02 
9.3965950e+21 	 7.1800000e+02 
9.4238251e+21 	 7.1900000e+02 
9.4510551e+21 	 7.2000000e+02 
9.4782852e+21 	 7.2100000e+02 
9.5055153e+21 	 7.2200000e+02 
9.5161338e+21 	 7.2300000e+02 
9.5161564e+21 	 7.2400000e+02 
9.5161789e+21 	 7.2500000e+02 
9.5162015e+21 	 7.2600000e+02 
9.6383141e+21 	 7.2700000e+02 
9.6383366e+21 	 7.2800000e+02 
9.6383592e+21 	 7.2900000e+02 
9.6383818e+21 	 7.3000000e+02 
9.6384044e+21 	 7.3100000e+02 
9.7620769e+21 	 7.3200000e+02 
9.7620995e+21 	 7.3300000e+02 
9.7621221e+21 	 7.3400000e+02 
9.7621447e+21 	 7.3500000e+02 
9.8874172e+21 	 7.3600000e+02 
9.8874398e+21 	 7.3700000e+02 
9.8874624e+21 	 7.3800000e+02 
9.8874849e+21 	 7.3900000e+02 
9.8875075e+21 	 7.4000000e+02 
1.0040214e+22 	 7.4100000e+02 
1.0069221e+22 	 7.4200000e+02 
1.0098228e+22 	 7.4300000e+02 
1.0127234e+22 	 7.4400000e+02 
1.0156428e+22 	 7.4500000e+02 
1.0185840e+22 	 7.4600000e+02 
1.0215252e+22 	 7.4700000e+02 
1.0244664e+22 	 7.4800000e+02 
1.0274087e+22 	 7.4900000e+02 
1.0303861e+22 	 7.5000000e+02 
1.0333634e+22 	 7.5100000e+02 
1.0363408e+22 	 7.5200000e+02 
1.0393181e+22 	 7.5300000e+02 
1.0405114e+22 	 7.5400000e+02 
1.0405136e+22 	 7.5500000e+02 
1.0405159e+22 	 7.5600000e+02 
1.0405181e+22 	 7.5700000e+02 
1.0410313e+22 	 7.5800000e+02 
1.0440470e+22 	 7.5900000e+02 
1.0470628e+22 	 7.6000000e+02 
1.0500785e+22 	 7.6100000e+02 
1.0530942e+22 	 7.6200000e+02 
1.0561383e+22 	 7.6300000e+02 
1.0591924e+22 	 7.6400000e+02 
1.0622465e+22 	 7.6500000e+02 
1.0653005e+22 	 7.6600000e+02 
1.0683672e+22 	 7.6700000e+02 
1.0714619e+22 	 7.6800000e+02 
1.0745566e+22 	 7.6900000e+02 
1.0776513e+22 	 7.7000000e+02 
1.0807461e+22 	 7.7100000e+02 
1.0838745e+22 	 7.7200000e+02 
1.0870076e+22 	 7.7300000e+02 
1.0901407e+22 	 7.7400000e+02 
1.0932738e+22 	 7.7500000e+02 
1.0964252e+22 	 7.7600000e+02 
1.0995989e+22 	 7.7700000e+02 
1.1027726e+22 	 7.7800000e+02 
1.1059463e+22 	 7.7900000e+02 
1.1091208e+22 	 7.8000000e+02 
1.1123352e+22 	 7.8100000e+02 
1.1155496e+22 	 7.8200000e+02 
1.1187639e+22 	 7.8300000e+02 
1.1219783e+22 	 7.8400000e+02 
1.1252165e+22 	 7.8500000e+02 
1.1284715e+22 	 7.8600000e+02 
1.1317265e+22 	 7.8700000e+02 
1.1349815e+22 	 7.8800000e+02 
1.1382433e+22 	 7.8900000e+02 
1.1415412e+22 	 7.9000000e+02 
1.1448390e+22 	 7.9100000e+02 
1.1481369e+22 	 7.9200000e+02 
1.1514348e+22 	 7.9300000e+02 
1.1547623e+22 	 7.9400000e+02 
1.1581008e+22 	 7.9500000e+02 
1.1614393e+22 	 7.9600000e+02 
1.1647778e+22 	 7.9700000e+02 
1.1681298e+22 	 7.9800000e+02 
1.1715134e+22 	 7.9900000e+02 
1.1748971e+22 	 8.0000000e+02 
1.1782807e+22 	 8.0100000e+02 
1.1816644e+22 	 8.0200000e+02 
1.1850853e+22 	 8.0300000e+02 
1.1885118e+22 	 8.0400000e+02 
1.1919384e+22 	 8.0500000e+02 
1.1953649e+22 	 8.0600000e+02 
1.1988102e+22 	 8.0700000e+02 
1.2022797e+22 	 8.0800000e+02 
1.2057491e+22 	 8.0900000e+02 
1.2092185e+22 	 8.1000000e+02 
1.2126883e+22 	 8.1100000e+02 
1.2162029e+22 	 8.1200000e+02 
1.2197174e+22 	 8.1300000e+02 
1.2232320e+22 	 8.1400000e+02 
1.2267466e+22 	 8.1500000e+02 
1.2282313e+22 	 8.1600000e+02 
1.2282336e+22 	 8.1700000e+02 
1.2282358e+22 	 8.1800000e+02 
1.2282381e+22 	 8.1900000e+02 
1.2287662e+22 	 8.2000000e+02 
1.2323259e+22 	 8.2100000e+02 
1.2358856e+22 	 8.2200000e+02 
1.2394453e+22 	 8.2300000e+02 
1.2430050e+22 	 8.2400000e+02 
1.2465988e+22 	 8.2500000e+02 
1.2502059e+22 	 8.2600000e+02 
1.2538130e+22 	 8.2700000e+02 
1.2574201e+22 	 8.2800000e+02 
1.2610402e+22 	 8.2900000e+02 
1.2646925e+22 	 8.3000000e+02 
1.2683448e+22 	 8.3100000e+02 
1.2719970e+22 	 8.3200000e+02 
1.2756493e+22 	 8.3300000e+02 
1.2761719e+22 	 8.3400000e+02 
1.2761742e+22 	 8.3500000e+02 
1.2761765e+22 	 8.3600000e+02 
1.2761787e+22 	 8.3700000e+02 
1.2777609e+22 	 8.3800000e+02 
1.2814606e+22 	 8.3900000e+02 
1.2851602e+22 	 8.4000000e+02 
1.2888599e+22 	 8.4100000e+02 
1.2925596e+22 	 8.4200000e+02 
1.2963043e+22 	 8.4300000e+02 
1.3000491e+22 	 8.4400000e+02 
1.3037939e+22 	 8.4500000e+02 
1.3075387e+22 	 8.4600000e+02 
1.3113117e+22 	 8.4700000e+02 
1.3151062e+22 	 8.4800000e+02 
1.3189006e+22 	 8.4900000e+02 
1.3226951e+22 	 8.5000000e+02 
1.3259703e+22 	 8.5100000e+02 
1.3259726e+22 	 8.5200000e+02 
1.3259748e+22 	 8.5300000e+02 
1.3259771e+22 	 8.5400000e+02 
1.3259793e+22 	 8.5500000e+02 
1.3286971e+22 	 8.5600000e+02 
1.3325412e+22 	 8.5700000e+02 
1.3363853e+22 	 8.5800000e+02 
1.3402295e+22 	 8.5900000e+02 
1.3440867e+22 	 8.6000000e+02 
1.3479783e+22 	 8.6100000e+02 
1.3518698e+22 	 8.6200000e+02 
1.3557613e+22 	 8.6300000e+02 
1.3596529e+22 	 8.6400000e+02 
1.3635884e+22 	 8.6500000e+02 
1.3675318e+22 	 8.6600000e+02 
1.3714753e+22 	 8.6700000e+02 
1.3754187e+22 	 8.6800000e+02 
1.3777209e+22 	 8.6900000e+02 
1.3777232e+22 	 8.7000000e+02 
1.3777255e+22 	 8.7100000e+02 
1.3777277e+22 	 8.7200000e+02 
1.3777300e+22 	 8.7300000e+02 
1.3816684e+22 	 8.7400000e+02 
1.3856616e+22 	 8.7500000e+02 
1.3896547e+22 	 8.7600000e+02 
1.3936478e+22 	 8.7700000e+02 
1.3976698e+22 	 8.7800000e+02 
1.4017148e+22 	 8.7900000e+02 
1.4057598e+22 	 8.8000000e+02 
1.4098049e+22 	 8.8100000e+02 
1.4138565e+22 	 8.8200000e+02 
1.4179534e+22 	 8.8300000e+02 
1.4220504e+22 	 8.8400000e+02 
1.4261473e+22 	 8.8500000e+02 
1.4302442e+22 	 8.8600000e+02 
1.4314916e+22 	 8.8700000e+02 
1.4314938e+22 	 8.8800000e+02 
1.4314961e+22 	 8.8900000e+02 
1.4314983e+22 	 8.9000000e+02 
1.4326028e+22 	 8.9100000e+02 
1.4367517e+22 	 8.9200000e+02 
1.4409005e+22 	 8.9300000e+02 
1.4450494e+22 	 8.9400000e+02 
1.4491983e+22 	 8.9500000e+02 
1.4533924e+22 	 8.9600000e+02 
1.4575954e+22 	 8.9700000e+02 
1.4617985e+22 	 8.9800000e+02 
1.4660015e+22 	 8.9900000e+02 
1.4702256e+22 	 9.0000000e+02 
1.4744806e+22 	 9.0100000e+02 
1.4787355e+22 	 9.0200000e+02 
1.4829905e+22 	 9.0300000e+02 
1.4872455e+22 	 9.0400000e+02 
1.4873544e+22 	 9.0500000e+02 
1.4873589e+22 	 9.0600000e+02 
1.4873634e+22 	 9.0700000e+02 
1.4873679e+22 	 9.0800000e+02 
1.4897210e+22 	 9.0900000e+02 
1.4940324e+22 	 9.1000000e+02 
1.4983438e+22 	 9.1100000e+02 
1.5026552e+22 	 9.1200000e+02 
1.5069728e+22 	 9.1300000e+02 
1.5113384e+22 	 9.1400000e+02 
1.5157040e+22 	 9.1500000e+02 
1.5200695e+22 	 9.1600000e+02 
1.5244351e+22 	 9.1700000e+02 
1.5258131e+22 	 9.1800000e+02 
1.5258176e+22 	 9.1900000e+02 
1.5258221e+22 	 9.2000000e+02 
1.5258266e+22 	 9.2100000e+02 
1.5269573e+22 	 9.2200000e+02 
1.5313793e+22 	 9.2300000e+02 
1.5358013e+22 	 9.2400000e+02 
1.5402233e+22 	 9.2500000e+02 
1.5446453e+22 	 9.2600000e+02 
1.5491138e+22 	 9.2700000e+02 
1.5535923e+22 	 9.2800000e+02 
1.5580707e+22 	 9.2900000e+02 
1.5625491e+22 	 9.3000000e+02 
1.5670507e+22 	 9.3100000e+02 
1.5715878e+22 	 9.3200000e+02 
1.5761250e+22 	 9.3300000e+02 
1.5806621e+22 	 9.3400000e+02 
1.5851992e+22 	 9.3500000e+02 
1.5853622e+22 	 9.3600000e+02 
1.5853644e+22 	 9.3700000e+02 
1.5853667e+22 	 9.3800000e+02 
1.5853689e+22 	 9.3900000e+02 
1.5878261e+22 	 9.4000000e+02 
1.5924220e+22 	 9.4100000e+02 
1.5970178e+22 	 9.4200000e+02 
1.6016136e+22 	 9.4300000e+02 
1.6062155e+22 	 9.4400000e+02 
1.6108700e+22 	 9.4500000e+02 
1.6155245e+22 	 9.4600000e+02 
1.6201790e+22 	 9.4700000e+02 
1.6248335e+22 	 9.4800000e+02 
1.6295275e+22 	 9.4900000e+02 
1.6342407e+22 	 9.5000000e+02 
1.6389539e+22 	 9.5100000e+02 
1.6436671e+22 	 9.5200000e+02 
1.6472311e+22 	 9.5300000e+02 
1.6472356e+22 	 9.5400000e+02 
1.6472401e+22 	 9.5500000e+02 
1.6472446e+22 	 9.5600000e+02 
1.6472492e+22 	 9.5700000e+02 
1.6511358e+22 	 9.5800000e+02 
1.6559100e+22 	 9.5900000e+02 
1.6606841e+22 	 9.6000000e+02 
1.6654582e+22 	 9.6100000e+02 
1.6702558e+22 	 9.6200000e+02 
1.6750908e+22 	 9.6300000e+02 
1.6799259e+22 	 9.6400000e+02 
1.6847610e+22 	 9.6500000e+02 
1.6895961e+22 	 9.6600000e+02 
1.6944914e+22 	 9.6700000e+02 
1.6993897e+22 	 9.6800000e+02 
1.7042880e+22 	 9.6900000e+02 
1.7091863e+22 	 9.7000000e+02 
1.7115212e+22 	 9.7100000e+02 
1.7115234e+22 	 9.7200000e+02 
1.7115257e+22 	 9.7300000e+02 
1.7115280e+22 	 9.7400000e+02 
1.7119936e+22 	 9.7500000e+02 
1.7169551e+22 	 9.7600000e+02 
1.7219166e+22 	 9.7700000e+02 
1.7268780e+22 	 9.7800000e+02 
1.7318395e+22 	 9.7900000e+02 
1.7368429e+22 	 9.8000000e+02 
1.7418676e+22 	 9.8100000e+02 
1.7468923e+22 	 9.8200000e+02 
1.7519170e+22 	 9.8300000e+02 
1.7569564e+22 	 9.8400000e+02 
1.7620443e+22 	 9.8500000e+02 
1.7671322e+22 	 9.8600000e+02 
1.7722201e+22 	 9.8700000e+02 
1.7773079e+22 	 9.8800000e+02 
1.7783136e+22 	 9.8900000e+02 
1.7783181e+22 	 9.9000000e+02 
1.7783227e+22 	 9.9100000e+02 
1.7783272e+22 	 9.9200000e+02 
1.7802519e+22 	 9.9300000e+02 
1.7854052e+22 	 9.9400000e+02 
1.7905586e+22 	 9.9500000e+02 
1.7957119e+22 	 9.9600000e+02 
1.8008653e+22 	 9.9700000e+02 
1.8060825e+22 	 9.9800000e+02 
1.8113036e+22 	 9.9900000e+02 
1.8165246e+22 	 1.0000000e+03 
1.8217457e+22 	 1.0010000e+03 
1.8242923e+22 	 1.0020000e+03 
1.8242968e+22 	 1.0030000e+03 
1.8243013e+22 	 1.0040000e+03 
1.8243059e+22 	 1.0050000e+03 
1.8247465e+22 	 1.0060000e+03 
1.8300330e+22 	 1.0070000e+03 
1.8353195e+22 	 1.0080000e+03 
1.8406061e+22 	 1.0090000e+03 
1.8458926e+22 	 1.0100000e+03 
1.8477329e+22 	 1.0110000e+03 
1.8477375e+22 	 1.0120000e+03 
1.8477420e+22 	 1.0130000e+03 
1.8477465e+22 	 1.0140000e+03 
1.8489408e+22 	 1.0150000e+03 
1.8542973e+22 	 1.0160000e+03 
1.8596538e+22 	 1.0170000e+03 
1.8650103e+22 	 1.0180000e+03 
1.8703669e+22 	 1.0190000e+03 
1.8757770e+22 	 1.0200000e+03 
1.8812012e+22 	 1.0210000e+03 
1.8866255e+22 	 1.0220000e+03 
1.8920497e+22 	 1.0230000e+03 
1.8955116e+22 	 1.0240000e+03 
1.8955161e+22 	 1.0250000e+03 
1.8955207e+22 	 1.0260000e+03 
1.8955252e+22 	 1.0270000e+03 
1.8955297e+22 	 1.0280000e+03 
1.9006481e+22 	 1.0290000e+03 
1.9061401e+22 	 1.0300000e+03 
1.9116320e+22 	 1.0310000e+03 
1.9171239e+22 	 1.0320000e+03 
1.9226521e+22 	 1.0330000e+03 
1.9282163e+22 	 1.0340000e+03 
1.9337805e+22 	 1.0350000e+03 
1.9393447e+22 	 1.0360000e+03 
1.9445103e+22 	 1.0370000e+03 
1.9445148e+22 	 1.0380000e+03 
1.9445194e+22 	 1.0390000e+03 
1.9445239e+22 	 1.0400000e+03 
1.9445284e+22 	 1.0410000e+03 
1.9481461e+22 	 1.0420000e+03 
1.9537825e+22 	 1.0430000e+03 
1.9594189e+22 	 1.0440000e+03 
1.9650553e+22 	 1.0450000e+03 
1.9695010e+22 	 1.0460000e+03 
1.9695055e+22 	 1.0470000e+03 
1.9695100e+22 	 1.0480000e+03 
1.9695145e+22 	 1.0490000e+03 
1.9695190e+22 	 1.0500000e+03 
1.9739802e+22 	 1.0510000e+03 
1.9796889e+22 	 1.0520000e+03 
1.9853975e+22 	 1.0530000e+03 
1.9911062e+22 	 1.0540000e+03 
1.9968402e+22 	 1.0550000e+03 
2.0026211e+22 	 1.0560000e+03 
2.0084019e+22 	 1.0570000e+03 
2.0141828e+22 	 1.0580000e+03 
2.0199637e+22 	 1.0590000e+03 
2.0204242e+22 	 1.0600000e+03 
2.0204287e+22 	 1.0610000e+03 
2.0204332e+22 	 1.0620000e+03 
2.0204377e+22 	 1.0630000e+03 
2.0233157e+22 	 1.0640000e+03 
2.0291734e+22 	 1.0650000e+03 
2.0350310e+22 	 1.0660000e+03 
2.0408886e+22 	 1.0670000e+03 
2.0467506e+22 	 1.0680000e+03 
2.0526805e+22 	 1.0690000e+03 
2.0586103e+22 	 1.0700000e+03 
2.0645402e+22 	 1.0710000e+03 
2.0704700e+22 	 1.0720000e+03 
2.0726628e+22 	 1.0730000e+03 
2.0726674e+22 	 1.0740000e+03 
2.0726719e+22 	 1.0750000e+03 
2.0726764e+22 	 1.0760000e+03 
2.0738851e+22 	 1.0770000e+03 
2.0798940e+22 	 1.0780000e+03 
2.0859029e+22 	 1.0790000e+03 
2.0919117e+22 	 1.0800000e+03 
2.0979206e+22 	 1.0810000e+03 
2.0993035e+22 	 1.0820000e+03 
2.0993080e+22 	 1.0830000e+03 
2.0993125e+22 	 1.0840000e+03 
2.0993170e+22 	 1.0850000e+03 
2.1013902e+22 	 1.0860000e+03 
2.1074736e+22 	 1.0870000e+03 
2.1135569e+22 	 1.0880000e+03 
2.1196403e+22 	 1.0890000e+03 
2.1257237e+22 	 1.0900000e+03 
2.1318789e+22 	 1.0910000e+03 
2.1380413e+22 	 1.0920000e+03 
2.1442036e+22 	 1.0930000e+03 
2.1503659e+22 	 1.0940000e+03 
2.1535733e+22 	 1.0950000e+03 
2.1535800e+22 	 1.0960000e+03 
2.1535868e+22 	 1.0970000e+03 
2.1535936e+22 	 1.0980000e+03 
2.1539117e+22 	 1.0990000e+03 
2.1601530e+22 	 1.1000000e+03 
2.1663944e+22 	 1.1010000e+03 
2.1726357e+22 	 1.1020000e+03 
2.1788771e+22 	 1.1030000e+03 
2.1851688e+22 	 1.1040000e+03 
2.1914915e+22 	 1.1050000e+03 
2.1978141e+22 	 1.1060000e+03 
2.2041367e+22 	 1.1070000e+03 
2.2092609e+22 	 1.1080000e+03 
2.2092654e+22 	 1.1090000e+03 
2.2092699e+22 	 1.1100000e+03 
2.2092744e+22 	 1.1110000e+03 
2.2092789e+22 	 1.1120000e+03 
2.2141425e+22 	 1.1130000e+03 
2.2205441e+22 	 1.1140000e+03 
2.2269457e+22 	 1.1150000e+03 
2.2333473e+22 	 1.1160000e+03 
2.2397772e+22 	 1.1170000e+03 
2.2462646e+22 	 1.1180000e+03 
2.2527520e+22 	 1.1190000e+03 
2.2592394e+22 	 1.1200000e+03 
2.2657268e+22 	 1.1210000e+03 
2.2663841e+22 	 1.1220000e+03 
2.2663886e+22 	 1.1230000e+03 
2.2663931e+22 	 1.1240000e+03 
2.2663976e+22 	 1.1250000e+03 
2.2694820e+22 	 1.1260000e+03 
2.2760506e+22 	 1.1270000e+03 
2.2826193e+22 	 1.1280000e+03 
2.2891880e+22 	 1.1290000e+03 
2.2955002e+22 	 1.1300000e+03 
2.2955047e+22 	 1.1310000e+03 
2.2955092e+22 	 1.1320000e+03 
2.2955137e+22 	 1.1330000e+03 
2.2955182e+22 	 1.1340000e+03 
2.2995722e+22 	 1.1350000e+03 
2.3062266e+22 	 1.1360000e+03 
2.3128811e+22 	 1.1370000e+03 
2.3195355e+22 	 1.1380000e+03 
2.3262049e+22 	 1.1390000e+03 
2.3329428e+22 	 1.1400000e+03 
2.3396807e+22 	 1.1410000e+03 
2.3464187e+22 	 1.1420000e+03 
2.3531566e+22 	 1.1430000e+03 
2.3548534e+22 	 1.1440000e+03 
2.3548579e+22 	 1.1450000e+03 
2.3548624e+22 	 1.1460000e+03 
2.3548669e+22 	 1.1470000e+03 
2.3570446e+22 	 1.1480000e+03 
2.3638705e+22 	 1.1490000e+03 
2.3706965e+22 	 1.1500000e+03 
2.3775225e+22 	 1.1510000e+03 
2.3843485e+22 	 1.1520000e+03 
2.3912527e+22 	 1.1530000e+03 
2.3981667e+22 	 1.1540000e+03 
2.4050808e+22 	 1.1550000e+03 
2.4119948e+22 	 1.1560000e+03 
2.4157421e+22 	 1.1570000e+03 
2.4157466e+22 	 1.1580000e+03 
2.4157511e+22 	 1.1590000e+03 
2.4157556e+22 	 1.1600000e+03 
2.4159574e+22 	 1.1610000e+03 
2.4229594e+22 	 1.1620000e+03 
2.4299615e+22 	 1.1630000e+03 
2.4369635e+22 	 1.1640000e+03 
2.4439656e+22 	 1.1650000e+03 
2.4467827e+22 	 1.1660000e+03 
2.4467872e+22 	 1.1670000e+03 
2.4467917e+22 	 1.1680000e+03 
2.4467962e+22 	 1.1690000e+03 
2.4479911e+22 	 1.1700000e+03 
2.4550834e+22 	 1.1710000e+03 
2.4621758e+22 	 1.1720000e+03 
2.4692682e+22 	 1.1730000e+03 
2.4763605e+22 	 1.1740000e+03 
2.4835195e+22 	 1.1750000e+03 
2.4907021e+22 	 1.1760000e+03 
2.4978848e+22 	 1.1770000e+03 
2.5050674e+22 	 1.1780000e+03 
2.5100421e+22 	 1.1790000e+03 
2.5100489e+22 	 1.1800000e+03 
2.5100556e+22 	 1.1810000e+03 
2.5100624e+22 	 1.1820000e+03 
2.5100692e+22 	 1.1830000e+03 
2.5164525e+22 	 1.1840000e+03 
2.5237254e+22 	 1.1850000e+03 
2.5309983e+22 	 1.1860000e+03 
2.5382713e+22 	 1.1870000e+03 
2.5422930e+22 	 1.1880000e+03 
2.5422998e+22 	 1.1890000e+03 
2.5423066e+22 	 1.1900000e+03 
2.5423133e+22 	 1.1910000e+03 
2.5424476e+22 	 1.1920000e+03 
2.5498153e+22 	 1.1930000e+03 
2.5571831e+22 	 1.1940000e+03 
2.5645508e+22 	 1.1950000e+03 
2.5719185e+22 	 1.1960000e+03 
2.5749640e+22 	 1.1970000e+03 
2.5749707e+22 	 1.1980000e+03 
2.5749775e+22 	 1.1990000e+03 
2.5749843e+22 	 1.2000000e+03 
2.5761621e+22 	 1.2010000e+03 
2.5836247e+22 	 1.2020000e+03 
2.5910872e+22 	 1.2030000e+03 
2.5985497e+22 	 1.2040000e+03 
2.6060123e+22 	 1.2050000e+03 
2.6080549e+22 	 1.2060000e+03 
2.6080617e+22 	 1.2070000e+03 
2.6080685e+22 	 1.2080000e+03 
2.6080752e+22 	 1.2090000e+03 
2.6103238e+22 	 1.2100000e+03 
2.6178834e+22 	 1.2110000e+03 
2.6254430e+22 	 1.2120000e+03 
2.6330026e+22 	 1.2130000e+03 
2.6405622e+22 	 1.2140000e+03 
2.6415739e+22 	 1.2150000e+03 
2.6415784e+22 	 1.2160000e+03 
2.6415829e+22 	 1.2170000e+03 
2.6415875e+22 	 1.2180000e+03 
2.6449327e+22 	 1.2190000e+03 
2.6525893e+22 	 1.2200000e+03 
2.6602460e+22 	 1.2210000e+03 
2.6679026e+22 	 1.2220000e+03 
2.6755100e+22 	 1.2230000e+03 
2.6755168e+22 	 1.2240000e+03 
2.6755236e+22 	 1.2250000e+03 
2.6755304e+22 	 1.2260000e+03 
2.6755371e+22 	 1.2270000e+03 
2.6800086e+22 	 1.2280000e+03 
2.6877623e+22 	 1.2290000e+03 
2.6955161e+22 	 1.2300000e+03 
2.7032698e+22 	 1.2310000e+03 
2.7098910e+22 	 1.2320000e+03 
2.7098978e+22 	 1.2330000e+03 
2.7099045e+22 	 1.2340000e+03 
2.7099113e+22 	 1.2350000e+03 
2.7099181e+22 	 1.2360000e+03 
2.7155449e+22 	 1.2370000e+03 
2.7234002e+22 	 1.2380000e+03 
2.7312555e+22 	 1.2390000e+03 
2.7391108e+22 	 1.2400000e+03 
2.7447213e+22 	 1.2410000e+03 
2.7447258e+22 	 1.2420000e+03 
2.7447303e+22 	 1.2430000e+03 
2.7447348e+22 	 1.2440000e+03 
2.7447393e+22 	 1.2450000e+03 
2.7515497e+22 	 1.2460000e+03 
2.7595065e+22 	 1.2470000e+03 
2.7674634e+22 	 1.2480000e+03 
2.7754203e+22 	 1.2490000e+03 
2.7799919e+22 	 1.2500000e+03 
2.7799964e+22 	 1.2510000e+03 
2.7800010e+22 	 1.2520000e+03 
2.7800055e+22 	 1.2530000e+03 
2.7800100e+22 	 1.2540000e+03 
2.7880327e+22 	 1.2550000e+03 
2.7960912e+22 	 1.2560000e+03 
2.8041497e+22 	 1.2570000e+03 
2.8122082e+22 	 1.2580000e+03 
2.8157138e+22 	 1.2590000e+03 
2.8157206e+22 	 1.2600000e+03 
2.8157274e+22 	 1.2610000e+03 
2.8157341e+22 	 1.2620000e+03 
2.8168442e+22 	 1.2630000e+03 
2.8250043e+22 	 1.2640000e+03 
2.8331643e+22 	 1.2650000e+03 
2.8413244e+22 	 1.2660000e+03 
2.8494844e+22 	 1.2670000e+03 
2.8518948e+22 	 1.2680000e+03 
2.8519015e+22 	 1.2690000e+03 
2.8519083e+22 	 1.2700000e+03 
2.8519151e+22 	 1.2710000e+03 
2.8541938e+22 	 1.2720000e+03 
2.8624599e+22 	 1.2730000e+03 
2.8707260e+22 	 1.2740000e+03 
2.8789921e+22 	 1.2750000e+03 
2.8872583e+22 	 1.2760000e+03 
2.8885457e+22 	 1.2770000e+03 
2.8885525e+22 	 1.2780000e+03 
2.8885593e+22 	 1.2790000e+03 
2.8885660e+22 	 1.2800000e+03 
2.8920430e+22 	 1.2810000e+03 
2.9004152e+22 	 1.2820000e+03 
2.9087874e+22 	 1.2830000e+03 
2.9171597e+22 	 1.2840000e+03 
2.9255319e+22 	 1.2850000e+03 
2.9256667e+22 	 1.2860000e+03 
2.9256734e+22 	 1.2870000e+03 
2.9256802e+22 	 1.2880000e+03 
2.9256870e+22 	 1.2890000e+03 
2.9303918e+22 	 1.2900000e+03 
2.9388702e+22 	 1.2910000e+03 
2.9473485e+22 	 1.2920000e+03 
2.9558268e+22 	 1.2930000e+03 
2.9632508e+22 	 1.2940000e+03 
2.9632576e+22 	 1.2950000e+03 
2.9632644e+22 	 1.2960000e+03 
2.9632712e+22 	 1.2970000e+03 
2.9632779e+22 	 1.2980000e+03 
2.9632847e+22 	 1.2990000e+03 
2.9632915e+22 	 1.3000000e+03 
2.9632982e+22 	 1.3010000e+03 
2.9633050e+22 	 1.3020000e+03 
2.9655792e+22 	 1.3030000e+03 
2.9741681e+22 	 1.3040000e+03 
2.9827570e+22 	 1.3050000e+03 
2.9913459e+22 	 1.3060000e+03 
2.9999348e+22 	 1.3070000e+03 
3.0013656e+22 	 1.3080000e+03 
3.0013724e+22 	 1.3090000e+03 
3.0013792e+22 	 1.3100000e+03 
3.0013860e+22 	 1.3110000e+03 
3.0049042e+22 	 1.3120000e+03 
3.0136037e+22 	 1.3130000e+03 
3.0223032e+22 	 1.3140000e+03 
3.0310027e+22 	 1.3150000e+03 
3.0397022e+22 	 1.3160000e+03 
3.0399366e+22 	 1.3170000e+03 
3.0399434e+22 	 1.3180000e+03 
3.0399501e+22 	 1.3190000e+03 
3.0399569e+22 	 1.3200000e+03 
3.0447512e+22 	 1.3210000e+03 
3.0535636e+22 	 1.3220000e+03 
3.0623760e+22 	 1.3230000e+03 
3.0711884e+22 	 1.3240000e+03 
3.0790008e+22 	 1.3250000e+03 
3.0790075e+22 	 1.3260000e+03 
3.0790143e+22 	 1.3270000e+03 
3.0790211e+22 	 1.3280000e+03 
3.0790279e+22 	 1.3290000e+03 
3.0851284e+22 	 1.3300000e+03 
3.0940514e+22 	 1.3310000e+03 
3.1029744e+22 	 1.3320000e+03 
3.1118974e+22 	 1.3330000e+03 
3.1185617e+22 	 1.3340000e+03 
3.1185685e+22 	 1.3350000e+03 
3.1185753e+22 	 1.3360000e+03 
3.1185820e+22 	 1.3370000e+03 
3.1185888e+22 	 1.3380000e+03 
3.1185974e+22 	 1.3390000e+03 
3.1186065e+22 	 1.3400000e+03 
3.1186155e+22 	 1.3410000e+03 
3.1186245e+22 	 1.3420000e+03 
3.1221826e+22 	 1.3430000e+03 
3.1312207e+22 	 1.3440000e+03 
3.1402589e+22 	 1.3450000e+03 
3.1492970e+22 	 1.3460000e+03 
3.1583351e+22 	 1.3470000e+03 
3.1586765e+22 	 1.3480000e+03 
3.1586833e+22 	 1.3490000e+03 
3.1586901e+22 	 1.3500000e+03 
3.1586968e+22 	 1.3510000e+03 
3.1635782e+22 	 1.3520000e+03 
3.1727337e+22 	 1.3530000e+03 
3.1818893e+22 	 1.3540000e+03 
3.1910448e+22 	 1.3550000e+03 
3.1992607e+22 	 1.3560000e+03 
3.1992675e+22 	 1.3570000e+03 
3.1992742e+22 	 1.3580000e+03 
3.1992810e+22 	 1.3590000e+03 
3.1992878e+22 	 1.3600000e+03 
3.1992946e+22 	 1.3610000e+03 
3.1993013e+22 	 1.3620000e+03 
3.1993081e+22 	 1.3630000e+03 
3.1993149e+22 	 1.3640000e+03 
3.2015682e+22 	 1.3650000e+03 
3.2108411e+22 	 1.3660000e+03 
3.2201139e+22 	 1.3670000e+03 
3.2293868e+22 	 1.3680000e+03 
3.2386597e+22 	 1.3690000e+03 
3.2404073e+22 	 1.3700000e+03 
3.2404164e+22 	 1.3710000e+03 
3.2404254e+22 	 1.3720000e+03 
3.2404344e+22 	 1.3730000e+03 
3.2440290e+22 	 1.3740000e+03 
3.2534192e+22 	 1.3750000e+03 
3.2628094e+22 	 1.3760000e+03 
3.2721997e+22 	 1.3770000e+03 
3.2815899e+22 	 1.3780000e+03 
3.2820486e+22 	 1.3790000e+03 
3.2820576e+22 	 1.3800000e+03 
3.2820667e+22 	 1.3810000e+03 
3.2820757e+22 	 1.3820000e+03 
3.2820835e+22 	 1.3830000e+03 
3.2820903e+22 	 1.3840000e+03 
3.2820971e+22 	 1.3850000e+03 
3.2821038e+22 	 1.3860000e+03 
3.2829834e+22 	 1.3870000e+03 
3.2924956e+22 	 1.3880000e+03 
3.3020077e+22 	 1.3890000e+03 
3.3115199e+22 	 1.3900000e+03 
3.3210320e+22 	 1.3910000e+03 
3.3242560e+22 	 1.3920000e+03 
3.3242650e+22 	 1.3930000e+03 
3.3242740e+22 	 1.3940000e+03 
3.3242831e+22 	 1.3950000e+03 
3.3242916e+22 	 1.3960000e+03 
3.3242983e+22 	 1.3970000e+03 
3.3243051e+22 	 1.3980000e+03 
3.3243119e+22 	 1.3990000e+03 
3.3243187e+22 	 1.4000000e+03 
3.3320412e+22 	 1.4010000e+03 
3.3416753e+22 	 1.4020000e+03 
3.3513093e+22 	 1.4030000e+03 
3.3609434e+22 	 1.4040000e+03 
3.3670034e+22 	 1.4050000e+03 
3.3670124e+22 	 1.4060000e+03 
3.3670214e+22 	 1.4070000e+03 
3.3670304e+22 	 1.4080000e+03 
3.3670395e+22 	 1.4090000e+03 
3.3762244e+22 	 1.4100000e+03 
3.3859826e+22 	 1.4110000e+03 
3.3957408e+22 	 1.4120000e+03 
3.4054990e+22 	 1.4130000e+03 
3.4102746e+22 	 1.4140000e+03 
3.4102836e+22 	 1.4150000e+03 
3.4102927e+22 	 1.4160000e+03 
3.4103017e+22 	 1.4170000e+03 
3.4103105e+22 	 1.4180000e+03 
3.4103173e+22 	 1.4190000e+03 
3.4103241e+22 	 1.4200000e+03 
3.4103309e+22 	 1.4210000e+03 
3.4103376e+22 	 1.4220000e+03 
3.4167732e+22 	 1.4230000e+03 
3.4266578e+22 	 1.4240000e+03 
3.4365424e+22 	 1.4250000e+03 
3.4464269e+22 	 1.4260000e+03 
3.4541320e+22 	 1.4270000e+03 
3.4541410e+22 	 1.4280000e+03 
3.4541501e+22 	 1.4290000e+03 
3.4541591e+22 	 1.4300000e+03 
3.4541681e+22 	 1.4310000e+03 
3.4541754e+22 	 1.4320000e+03 
3.4541821e+22 	 1.4330000e+03 
3.4541889e+22 	 1.4340000e+03 
3.4541957e+22 	 1.4350000e+03 
3.4578085e+22 	 1.4360000e+03 
3.4678195e+22 	 1.4370000e+03 
3.4778305e+22 	 1.4380000e+03 
3.4878415e+22 	 1.4390000e+03 
3.4978525e+22 	 1.4400000e+03 
3.4985584e+22 	 1.4410000e+03 
3.4985674e+22 	 1.4420000e+03 
3.4985765e+22 	 1.4430000e+03 
3.4985855e+22 	 1.4440000e+03 
3.4985934e+22 	 1.4450000e+03 
3.4986002e+22 	 1.4460000e+03 
3.4986069e+22 	 1.4470000e+03 
3.4986137e+22 	 1.4480000e+03 
3.4993307e+22 	 1.4490000e+03 
3.5094727e+22 	 1.4500000e+03 
3.5196146e+22 	 1.4510000e+03 
3.5297565e+22 	 1.4520000e+03 
3.5398984e+22 	 1.4530000e+03 
3.5435543e+22 	 1.4540000e+03 
3.5435611e+22 	 1.4550000e+03 
3.5435679e+22 	 1.4560000e+03 
3.5435746e+22 	 1.4570000e+03 
3.5435819e+22 	 1.4580000e+03 
3.5435909e+22 	 1.4590000e+03 
3.5436000e+22 	 1.4600000e+03 
3.5436090e+22 	 1.4610000e+03 
3.5436180e+22 	 1.4620000e+03 
3.5516280e+22 	 1.4630000e+03 
3.5618986e+22 	 1.4640000e+03 
3.5721692e+22 	 1.4650000e+03 
3.5824398e+22 	 1.4660000e+03 
3.5891232e+22 	 1.4670000e+03 
3.5891322e+22 	 1.4680000e+03 
3.5891412e+22 	 1.4690000e+03 
3.5891502e+22 	 1.4700000e+03 
3.5891593e+22 	 1.4710000e+03 
3.5891662e+22 	 1.4720000e+03 
3.5891730e+22 	 1.4730000e+03 
3.5891798e+22 	 1.4740000e+03 
3.5891865e+22 	 1.4750000e+03 
3.5942809e+22 	 1.4760000e+03 
3.6046846e+22 	 1.4770000e+03 
3.6150884e+22 	 1.4780000e+03 
3.6254921e+22 	 1.4790000e+03 
3.6352804e+22 	 1.4800000e+03 
3.6352872e+22 	 1.4810000e+03 
3.6352939e+22 	 1.4820000e+03 
3.6353007e+22 	 1.4830000e+03 
3.6353075e+22 	 1.4840000e+03 
3.6353157e+22 	 1.4850000e+03 
3.6353247e+22 	 1.4860000e+03 
3.6353337e+22 	 1.4870000e+03 
3.6353428e+22 	 1.4880000e+03 
3.6374463e+22 	 1.4890000e+03 
3.6479833e+22 	 1.4900000e+03 
3.6585202e+22 	 1.4910000e+03 
3.6690572e+22 	 1.4920000e+03 
3.6795942e+22 	 1.4930000e+03 
3.6820369e+22 	 1.4940000e+03 
3.6820460e+22 	 1.4950000e+03 
3.6820550e+22 	 1.4960000e+03 
3.6820640e+22 	 1.4970000e+03 
3.6820723e+22 	 1.4980000e+03 
3.6820791e+22 	 1.4990000e+03 
3.6820858e+22 	 1.5000000e+03 
3.6820926e+22 	 1.5010000e+03 
3.6820994e+22 	 1.5020000e+03 
3.6917967e+22 	 1.5030000e+03 
3.7024691e+22 	 1.5040000e+03 
3.7131415e+22 	 1.5050000e+03 
3.7238138e+22 	 1.5060000e+03 
3.7293843e+22 	 1.5070000e+03 
3.7293933e+22 	 1.5080000e+03 
3.7294024e+22 	 1.5090000e+03 
3.7294114e+22 	 1.5100000e+03 
3.7294204e+22 	 1.5110000e+03 
3.7294295e+22 	 1.5120000e+03 
3.7294385e+22 	 1.5130000e+03 
3.7294475e+22 	 1.5140000e+03 
3.7294566e+22 	 1.5150000e+03 
3.7361413e+22 	 1.5160000e+03 
3.7469492e+22 	 1.5170000e+03 
3.7577570e+22 	 1.5180000e+03 
3.7685649e+22 	 1.5190000e+03 
3.7773417e+22 	 1.5200000e+03 
3.7773507e+22 	 1.5210000e+03 
3.7773598e+22 	 1.5220000e+03 
3.7773688e+22 	 1.5230000e+03 
3.7773778e+22 	 1.5240000e+03 
3.7773868e+22 	 1.5250000e+03 
3.7773959e+22 	 1.5260000e+03 
3.7774049e+22 	 1.5270000e+03 
3.7774139e+22 	 1.5280000e+03 
3.7810090e+22 	 1.5290000e+03 
3.7919568e+22 	 1.5300000e+03 
3.8029045e+22 	 1.5310000e+03 
3.8138523e+22 	 1.5320000e+03 
3.8248000e+22 	 1.5330000e+03 
3.8259281e+22 	 1.5340000e+03 
3.8259371e+22 	 1.5350000e+03 
3.8259462e+22 	 1.5360000e+03 
3.8259552e+22 	 1.5370000e+03 
3.8259642e+22 	 1.5380000e+03 
3.8259733e+22 	 1.5390000e+03 
3.8259823e+22 	 1.5400000e+03 
3.8259913e+22 	 1.5410000e+03 
3.8260003e+22 	 1.5420000e+03 
3.8260094e+22 	 1.5430000e+03 
3.8260184e+22 	 1.5440000e+03 
3.8260274e+22 	 1.5450000e+03 
3.8260365e+22 	 1.5460000e+03 
3.8327753e+22 	 1.5470000e+03 
3.8438652e+22 	 1.5480000e+03 
3.8549552e+22 	 1.5490000e+03 
3.8660452e+22 	 1.5500000e+03 
3.8751716e+22 	 1.5510000e+03 
3.8751806e+22 	 1.5520000e+03 
3.8751897e+22 	 1.5530000e+03 
3.8751987e+22 	 1.5540000e+03 
3.8752077e+22 	 1.5550000e+03 
3.8752167e+22 	 1.5560000e+03 
3.8752258e+22 	 1.5570000e+03 
3.8752348e+22 	 1.5580000e+03 
3.8752438e+22 	 1.5590000e+03 
3.8752529e+22 	 1.5600000e+03 
3.8752619e+22 	 1.5610000e+03 
3.8752709e+22 	 1.5620000e+03 
3.8752799e+22 	 1.5630000e+03 
3.8752890e+22 	 1.5640000e+03 
3.8752980e+22 	 1.5650000e+03 
3.8753070e+22 	 1.5660000e+03 
3.8753161e+22 	 1.5670000e+03 
3.8753251e+22 	 1.5680000e+03 
3.8804598e+22 	 1.5690000e+03 
3.8916920e+22 	 1.5700000e+03 
3.9029242e+22 	 1.5710000e+03 
3.9141564e+22 	 1.5720000e+03 
3.9250902e+22 	 1.5730000e+03 
3.9250993e+22 	 1.5740000e+03 
3.9251083e+22 	 1.5750000e+03 
3.9251173e+22 	 1.5760000e+03 
3.9251264e+22 	 1.5770000e+03 
3.9251354e+22 	 1.5780000e+03 
3.9251444e+22 	 1.5790000e+03 
3.9251534e+22 	 1.5800000e+03 
3.9251625e+22 	 1.5810000e+03 
3.9251715e+22 	 1.5820000e+03 
3.9251805e+22 	 1.5830000e+03 
3.9251896e+22 	 1.5840000e+03 
3.9251986e+22 	 1.5850000e+03 
3.9252076e+22 	 1.5860000e+03 
3.9335856e+22 	 1.5870000e+03 
3.9449622e+22 	 1.5880000e+03 
3.9563389e+22 	 1.5890000e+03 
3.9677155e+22 	 1.5900000e+03 
3.9756128e+22 	 1.5910000e+03 
3.9756218e+22 	 1.5920000e+03 
3.9756308e+22 	 1.5930000e+03 
3.9756399e+22 	 1.5940000e+03 
3.9756489e+22 	 1.5950000e+03 
3.9756579e+22 	 1.5960000e+03 
3.9756669e+22 	 1.5970000e+03 
3.9756760e+22 	 1.5980000e+03 
3.9756850e+22 	 1.5990000e+03 
3.9756940e+22 	 1.6000000e+03 
3.9757031e+22 	 1.6010000e+03 
3.9757121e+22 	 1.6020000e+03 
3.9757211e+22 	 1.6030000e+03 
3.9757301e+22 	 1.6040000e+03 
3.9757392e+22 	 1.6050000e+03 
3.9757482e+22 	 1.6060000e+03 
3.9757572e+22 	 1.6070000e+03 
3.9757663e+22 	 1.6080000e+03 
3.9825179e+22 	 1.6090000e+03 
3.9940413e+22 	 1.6100000e+03 
4.0055646e+22 	 1.6110000e+03 
4.0170880e+22 	 1.6120000e+03 
4.0268214e+22 	 1.6130000e+03 
4.0268304e+22 	 1.6140000e+03 
4.0268395e+22 	 1.6150000e+03 
4.0268485e+22 	 1.6160000e+03 
4.0268575e+22 	 1.6170000e+03 
4.0268665e+22 	 1.6180000e+03 
4.0268756e+22 	 1.6190000e+03 
4.0268846e+22 	 1.6200000e+03 
4.0268936e+22 	 1.6210000e+03 
4.0269027e+22 	 1.6220000e+03 
4.0269117e+22 	 1.6230000e+03 
4.0269207e+22 	 1.6240000e+03 
4.0269298e+22 	 1.6250000e+03 
4.0269388e+22 	 1.6260000e+03 
4.0269478e+22 	 1.6270000e+03 
4.0269568e+22 	 1.6280000e+03 
4.0269659e+22 	 1.6290000e+03 
4.0269749e+22 	 1.6300000e+03 
4.0320570e+22 	 1.6310000e+03 
4.0437293e+22 	 1.6320000e+03 
4.0554017e+22 	 1.6330000e+03 
4.0670740e+22 	 1.6340000e+03 
4.0786900e+22 	 1.6350000e+03 
4.0786991e+22 	 1.6360000e+03 
4.0787081e+22 	 1.6370000e+03 
4.0787171e+22 	 1.6380000e+03 
4.0787262e+22 	 1.6390000e+03 
4.0787352e+22 	 1.6400000e+03 
4.0787442e+22 	 1.6410000e+03 
4.0787532e+22 	 1.6420000e+03 
4.0787623e+22 	 1.6430000e+03 
4.0787713e+22 	 1.6440000e+03 
4.0787803e+22 	 1.6450000e+03 
4.0787894e+22 	 1.6460000e+03 
4.0787984e+22 	 1.6470000e+03 
4.0788074e+22 	 1.6480000e+03 
4.0788181e+22 	 1.6490000e+03 
4.0788293e+22 	 1.6500000e+03 
4.0788406e+22 	 1.6510000e+03 
4.0788519e+22 	 1.6520000e+03 
4.0822212e+22 	 1.6530000e+03 
4.0940425e+22 	 1.6540000e+03 
4.1058639e+22 	 1.6550000e+03 
4.1176852e+22 	 1.6560000e+03 
4.1295066e+22 	 1.6570000e+03 
4.1312377e+22 	 1.6580000e+03 
4.1312467e+22 	 1.6590000e+03 
4.1312558e+22 	 1.6600000e+03 
4.1312648e+22 	 1.6610000e+03 
4.1312738e+22 	 1.6620000e+03 
4.1312829e+22 	 1.6630000e+03 
4.1312919e+22 	 1.6640000e+03 
4.1313009e+22 	 1.6650000e+03 
4.1313099e+22 	 1.6660000e+03 
4.1313212e+22 	 1.6670000e+03 
4.1313325e+22 	 1.6680000e+03 
4.1313438e+22 	 1.6690000e+03 
4.1313551e+22 	 1.6700000e+03 
4.1313651e+22 	 1.6710000e+03 
4.1313741e+22 	 1.6720000e+03 
4.1313831e+22 	 1.6730000e+03 
4.1313922e+22 	 1.6740000e+03 
4.1314012e+22 	 1.6750000e+03 
4.1314102e+22 	 1.6760000e+03 
4.1314193e+22 	 1.6770000e+03 
4.1314283e+22 	 1.6780000e+03 
4.1314373e+22 	 1.6790000e+03 
4.1398653e+22 	 1.6800000e+03 
4.1518401e+22 	 1.6810000e+03 
4.1638150e+22 	 1.6820000e+03 
4.1757898e+22 	 1.6830000e+03 
4.1844925e+22 	 1.6840000e+03 
4.1845015e+22 	 1.6850000e+03 
4.1845105e+22 	 1.6860000e+03 
4.1845196e+22 	 1.6870000e+03 
4.1845286e+22 	 1.6880000e+03 
4.1845376e+22 	 1.6890000e+03 
4.1845466e+22 	 1.6900000e+03 
4.1845557e+22 	 1.6910000e+03 
4.1845647e+22 	 1.6920000e+03 
4.1845747e+22 	 1.6930000e+03 
4.1845859e+22 	 1.6940000e+03 
4.1845972e+22 	 1.6950000e+03 
4.1846085e+22 	 1.6960000e+03 
4.1846198e+22 	 1.6970000e+03 
4.1846289e+22 	 1.6980000e+03 
4.1846379e+22 	 1.6990000e+03 
4.1846469e+22 	 1.7000000e+03 
4.1846560e+22 	 1.7010000e+03 
4.1913665e+22 	 1.7020000e+03 
4.2034948e+22 	 1.7030000e+03 
4.2156232e+22 	 1.7040000e+03 
4.2277515e+22 	 1.7050000e+03 
4.2383911e+22 	 1.7060000e+03 
4.2384001e+22 	 1.7070000e+03 
4.2384092e+22 	 1.7080000e+03 
4.2384182e+22 	 1.7090000e+03 
4.2384272e+22 	 1.7100000e+03 
4.2384378e+22 	 1.7110000e+03 
4.2384491e+22 	 1.7120000e+03 
4.2384604e+22 	 1.7130000e+03 
4.2384717e+22 	 1.7140000e+03 
4.2384824e+22 	 1.7150000e+03 
4.2384914e+22 	 1.7160000e+03 
4.2385004e+22 	 1.7170000e+03 
4.2385095e+22 	 1.7180000e+03 
4.2385185e+22 	 1.7190000e+03 
4.2385275e+22 	 1.7200000e+03 
4.2385365e+22 	 1.7210000e+03 
4.2385456e+22 	 1.7220000e+03 
4.2385546e+22 	 1.7230000e+03 
4.2385645e+22 	 1.7240000e+03 
4.2385758e+22 	 1.7250000e+03 
4.2385871e+22 	 1.7260000e+03 
4.2385984e+22 	 1.7270000e+03 
4.2386097e+22 	 1.7280000e+03 
4.2505527e+22 	 1.7290000e+03 
4.2628368e+22 	 1.7300000e+03 
4.2751209e+22 	 1.7310000e+03 
4.2874050e+22 	 1.7320000e+03 
4.2930349e+22 	 1.7330000e+03 
4.2930439e+22 	 1.7340000e+03 
4.2930530e+22 	 1.7350000e+03 
4.2930620e+22 	 1.7360000e+03 
4.2930713e+22 	 1.7370000e+03 
4.2930825e+22 	 1.7380000e+03 
4.2930938e+22 	 1.7390000e+03 
4.2931051e+22 	 1.7400000e+03 
4.2931164e+22 	 1.7410000e+03 
4.2931262e+22 	 1.7420000e+03 
4.2931352e+22 	 1.7430000e+03 
4.2931442e+22 	 1.7440000e+03 
4.2931532e+22 	 1.7450000e+03 
4.2931628e+22 	 1.7460000e+03 
4.2931741e+22 	 1.7470000e+03 
4.2931854e+22 	 1.7480000e+03 
4.2931967e+22 	 1.7490000e+03 
4.2932080e+22 	 1.7500000e+03 
4.2932174e+22 	 1.7510000e+03 
4.2932264e+22 	 1.7520000e+03 
4.2932355e+22 	 1.7530000e+03 
4.2932445e+22 	 1.7540000e+03 
4.2932535e+22 	 1.7550000e+03 
4.2932626e+22 	 1.7560000e+03 
4.2932716e+22 	 1.7570000e+03 
4.2932806e+22 	 1.7580000e+03 
4.2932897e+22 	 1.7590000e+03 
4.3052531e+22 	 1.7600000e+03 
4.3176975e+22 	 1.7610000e+03 
4.3301419e+22 	 1.7620000e+03 
4.3425862e+22 	 1.7630000e+03 
4.3484248e+22 	 1.7640000e+03 
4.3484338e+22 	 1.7650000e+03 
4.3484429e+22 	 1.7660000e+03 
4.3484519e+22 	 1.7670000e+03 
4.3484611e+22 	 1.7680000e+03 
4.3484724e+22 	 1.7690000e+03 
4.3484837e+22 	 1.7700000e+03 
4.3484950e+22 	 1.7710000e+03 
4.3485063e+22 	 1.7720000e+03 
4.3485161e+22 	 1.7730000e+03 
4.3485251e+22 	 1.7740000e+03 
4.3485341e+22 	 1.7750000e+03 
4.3485431e+22 	 1.7760000e+03 
4.3485527e+22 	 1.7770000e+03 
4.3485640e+22 	 1.7780000e+03 
4.3485753e+22 	 1.7790000e+03 
4.3485866e+22 	 1.7800000e+03 
4.3485979e+22 	 1.7810000e+03 
4.3486073e+22 	 1.7820000e+03 
4.3486163e+22 	 1.7830000e+03 
4.3486254e+22 	 1.7840000e+03 
4.3486344e+22 	 1.7850000e+03 
4.3486443e+22 	 1.7860000e+03 
4.3486556e+22 	 1.7870000e+03 
4.3486669e+22 	 1.7880000e+03 
4.3486782e+22 	 1.7890000e+03 
4.3486894e+22 	 1.7900000e+03 
4.3606680e+22 	 1.7910000e+03 
4.3732704e+22 	 1.7920000e+03 
4.3858728e+22 	 1.7930000e+03 
4.3984751e+22 	 1.7940000e+03 
4.4045259e+22 	 1.7950000e+03 
4.4045372e+22 	 1.7960000e+03 
4.4045484e+22 	 1.7970000e+03 
4.4045597e+22 	 1.7980000e+03 
4.4045710e+22 	 1.7990000e+03 
4.4045823e+22 	 1.8000000e+03 
4.4045936e+22 	 1.8010000e+03 
4.4046049e+22 	 1.8020000e+03 
4.4046162e+22 	 1.8030000e+03 
4.4046260e+22 	 1.8040000e+03 
4.4046350e+22 	 1.8050000e+03 
4.4046440e+22 	 1.8060000e+03 
4.4046530e+22 	 1.8070000e+03 
4.4046626e+22 	 1.8080000e+03 
4.4046739e+22 	 1.8090000e+03 
4.4046852e+22 	 1.8100000e+03 
4.4046965e+22 	 1.8110000e+03 
4.4047077e+22 	 1.8120000e+03 
4.4047172e+22 	 1.8130000e+03 
4.4047263e+22 	 1.8140000e+03 
4.4047353e+22 	 1.8150000e+03 
4.4047443e+22 	 1.8160000e+03 
4.4047542e+22 	 1.8170000e+03 
4.4047655e+22 	 1.8180000e+03 
4.4047767e+22 	 1.8190000e+03 
4.4047880e+22 	 1.8200000e+03 
4.4047993e+22 	 1.8210000e+03 
4.4167937e+22 	 1.8220000e+03 
4.4295586e+22 	 1.8230000e+03 
4.4423235e+22 	 1.8240000e+03 
4.4550883e+22 	 1.8250000e+03 
4.4613557e+22 	 1.8260000e+03 
4.4613670e+22 	 1.8270000e+03 
4.4613783e+22 	 1.8280000e+03 
4.4613896e+22 	 1.8290000e+03 
4.4614007e+22 	 1.8300000e+03 
4.4614097e+22 	 1.8310000e+03 
4.4614188e+22 	 1.8320000e+03 
4.4614278e+22 	 1.8330000e+03 
4.4614368e+22 	 1.8340000e+03 
4.4614473e+22 	 1.8350000e+03 
4.4614586e+22 	 1.8360000e+03 
4.4614699e+22 	 1.8370000e+03 
4.4614812e+22 	 1.8380000e+03 
4.4614925e+22 	 1.8390000e+03 
4.4615038e+22 	 1.8400000e+03 
4.4615150e+22 	 1.8410000e+03 
4.4615263e+22 	 1.8420000e+03 
4.4615376e+22 	 1.8430000e+03 
4.4615471e+22 	 1.8440000e+03 
4.4615562e+22 	 1.8450000e+03 
4.4615652e+22 	 1.8460000e+03 
4.4615742e+22 	 1.8470000e+03 
4.4662205e+22 	 1.8480000e+03 
4.4791524e+22 	 1.8490000e+03 
4.4920844e+22 	 1.8500000e+03 
4.5050163e+22 	 1.8510000e+03 
4.5179482e+22 	 1.8520000e+03 
4.5188784e+22 	 1.8530000e+03 
4.5188874e+22 	 1.8540000e+03 
4.5188964e+22 	 1.8550000e+03 
4.5189055e+22 	 1.8560000e+03 
4.5189156e+22 	 1.8570000e+03 
4.5189269e+22 	 1.8580000e+03 
4.5189382e+22 	 1.8590000e+03 
4.5189495e+22 	 1.8600000e+03 
4.5189608e+22 	 1.8610000e+03 
4.5189721e+22 	 1.8620000e+03 
4.5189833e+22 	 1.8630000e+03 
4.5189946e+22 	 1.8640000e+03 
4.5190059e+22 	 1.8650000e+03 
4.5190158e+22 	 1.8660000e+03 
4.5190248e+22 	 1.8670000e+03 
4.5190338e+22 	 1.8680000e+03 
4.5190429e+22 	 1.8690000e+03 
4.5190524e+22 	 1.8700000e+03 
4.5190636e+22 	 1.8710000e+03 
4.5190749e+22 	 1.8720000e+03 
4.5190862e+22 	 1.8730000e+03 
4.5190975e+22 	 1.8740000e+03 
4.5191088e+22 	 1.8750000e+03 
4.5191201e+22 	 1.8760000e+03 
4.5191314e+22 	 1.8770000e+03 
4.5191426e+22 	 1.8780000e+03 
4.5237073e+22 	 1.8790000e+03 
4.5368039e+22 	 1.8800000e+03 
4.5499006e+22 	 1.8810000e+03 
4.5629973e+22 	 1.8820000e+03 
4.5760940e+22 	 1.8830000e+03 
4.5771804e+22 	 1.8840000e+03 
4.5771916e+22 	 1.8850000e+03 
4.5772029e+22 	 1.8860000e+03 
4.5772142e+22 	 1.8870000e+03 
4.5772255e+22 	 1.8880000e+03 
4.5772368e+22 	 1.8890000e+03 
4.5772481e+22 	 1.8900000e+03 
4.5772594e+22 	 1.8910000e+03 
4.5772705e+22 	 1.8920000e+03 
4.5772795e+22 	 1.8930000e+03 
4.5772886e+22 	 1.8940000e+03 
4.5772976e+22 	 1.8950000e+03 
4.5773066e+22 	 1.8960000e+03 
4.5773171e+22 	 1.8970000e+03 
4.5773284e+22 	 1.8980000e+03 
4.5773397e+22 	 1.8990000e+03 
4.5773509e+22 	 1.9000000e+03 
4.5773622e+22 	 1.9010000e+03 
4.5773735e+22 	 1.9020000e+03 
4.5773848e+22 	 1.9030000e+03 
4.5773961e+22 	 1.9040000e+03 
4.5774074e+22 	 1.9050000e+03 
4.5774169e+22 	 1.9060000e+03 
4.5774260e+22 	 1.9070000e+03 
4.5774350e+22 	 1.9080000e+03 
4.5774440e+22 	 1.9090000e+03 
4.5774538e+22 	 1.9100000e+03 
4.5774651e+22 	 1.9110000e+03 
4.5774764e+22 	 1.9120000e+03 
4.5774877e+22 	 1.9130000e+03 
4.5774990e+22 	 1.9140000e+03 
4.5775102e+22 	 1.9150000e+03 
4.5775215e+22 	 1.9160000e+03 
4.5775328e+22 	 1.9170000e+03 
4.5775441e+22 	 1.9180000e+03 
4.5775554e+22 	 1.9190000e+03 
4.5775667e+22 	 1.9200000e+03 
4.5775780e+22 	 1.9210000e+03 
4.5775892e+22 	 1.9220000e+03 
4.5776004e+22 	 1.9230000e+03 
4.5776095e+22 	 1.9240000e+03 
4.5776185e+22 	 1.9250000e+03 
4.5776275e+22 	 1.9260000e+03 
4.5776365e+22 	 1.9270000e+03 
4.5858211e+22 	 1.9280000e+03 
4.5990893e+22 	 1.9290000e+03 
4.6123576e+22 	 1.9300000e+03 
4.6256259e+22 	 1.9310000e+03 
4.6364221e+22 	 1.9320000e+03 
4.6364334e+22 	 1.9330000e+03 
4.6364447e+22 	 1.9340000e+03 
4.6364560e+22 	 1.9350000e+03 
4.6364672e+22 	 1.9360000e+03 
4.6364768e+22 	 1.9370000e+03 
4.6364859e+22 	 1.9380000e+03 
4.6364949e+22 	 1.9390000e+03 
4.6365039e+22 	 1.9400000e+03 
4.6365137e+22 	 1.9410000e+03 
4.6365250e+22 	 1.9420000e+03 
4.6365363e+22 	 1.9430000e+03 
4.6365475e+22 	 1.9440000e+03 
4.6365588e+22 	 1.9450000e+03 
4.6365701e+22 	 1.9460000e+03 
4.6365814e+22 	 1.9470000e+03 
4.6365927e+22 	 1.9480000e+03 
4.6366040e+22 	 1.9490000e+03 
4.6366153e+22 	 1.9500000e+03 
4.6366265e+22 	 1.9510000e+03 
4.6366378e+22 	 1.9520000e+03 
4.6366491e+22 	 1.9530000e+03 
4.6366603e+22 	 1.9540000e+03 
4.6366694e+22 	 1.9550000e+03 
4.6366784e+22 	 1.9560000e+03 
4.6366874e+22 	 1.9570000e+03 
4.6366964e+22 	 1.9580000e+03 
4.6367068e+22 	 1.9590000e+03 
4.6367181e+22 	 1.9600000e+03 
4.6367294e+22 	 1.9610000e+03 
4.6367407e+22 	 1.9620000e+03 
4.6367520e+22 	 1.9630000e+03 
4.6367633e+22 	 1.9640000e+03 
4.6367746e+22 	 1.9650000e+03 
4.6367858e+22 	 1.9660000e+03 
4.6367971e+22 	 1.9670000e+03 
4.6368084e+22 	 1.9680000e+03 
4.6368197e+22 	 1.9690000e+03 
4.6368310e+22 	 1.9700000e+03 
4.6368423e+22 	 1.9710000e+03 
4.6368528e+22 	 1.9720000e+03 
4.6368619e+22 	 1.9730000e+03 
4.6368709e+22 	 1.9740000e+03 
4.6368799e+22 	 1.9750000e+03 
4.6368890e+22 	 1.9760000e+03 
4.6369000e+22 	 1.9770000e+03 
4.6369113e+22 	 1.9780000e+03 
4.6369226e+22 	 1.9790000e+03 
4.6369338e+22 	 1.9800000e+03 
4.6369451e+22 	 1.9810000e+03 
4.6369564e+22 	 1.9820000e+03 
4.6369677e+22 	 1.9830000e+03 
4.6369790e+22 	 1.9840000e+03 
4.6369903e+22 	 1.9850000e+03 
4.6370016e+22 	 1.9860000e+03 
4.6370129e+22 	 1.9870000e+03 
4.6370241e+22 	 1.9880000e+03 
4.6370354e+22 	 1.9890000e+03 
4.6450345e+22 	 1.9900000e+03 
4.6584744e+22 	 1.9910000e+03 
4.6719142e+22 	 1.9920000e+03 
4.6853540e+22 	 1.9930000e+03 
4.6965815e+22 	 1.9940000e+03 
4.6965905e+22 	 1.9950000e+03 
4.6965995e+22 	 1.9960000e+03 
4.6966086e+22 	 1.9970000e+03 
4.6966176e+22 	 1.9980000e+03 
4.6966283e+22 	 1.9990000e+03 
4.6966396e+22 	 2.0000000e+03 
4.6966509e+22 	 2.0010000e+03 
4.6966622e+22 	 2.0020000e+03 
4.6966734e+22 	 2.0030000e+03 
4.6966847e+22 	 2.0040000e+03 
4.6966960e+22 	 2.0050000e+03 
4.6967073e+22 	 2.0060000e+03 
4.6967186e+22 	 2.0070000e+03 
4.6967299e+22 	 2.0080000e+03 
4.6967412e+22 	 2.0090000e+03 
4.6967524e+22 	 2.0100000e+03 
4.6967637e+22 	 2.0110000e+03 
4.6967750e+22 	 2.0120000e+03 
4.6967863e+22 	 2.0130000e+03 
4.6967976e+22 	 2.0140000e+03 
4.6968089e+22 	 2.0150000e+03 
4.6968202e+22 	 2.0160000e+03 
4.6968314e+22 	 2.0170000e+03 
4.6968427e+22 	 2.0180000e+03 
4.6968540e+22 	 2.0190000e+03 
4.6968653e+22 	 2.0200000e+03 
4.6968753e+22 	 2.0210000e+03 
4.6968843e+22 	 2.0220000e+03 
4.6968933e+22 	 2.0230000e+03 
4.6969024e+22 	 2.0240000e+03 
4.6969117e+22 	 2.0250000e+03 
4.6969230e+22 	 2.0260000e+03 
4.6969343e+22 	 2.0270000e+03 
4.6969456e+22 	 2.0280000e+03 
4.6969569e+22 	 2.0290000e+03 
4.6969682e+22 	 2.0300000e+03 
4.6969795e+22 	 2.0310000e+03 
4.6969907e+22 	 2.0320000e+03 
4.6970020e+22 	 2.0330000e+03 
4.6970133e+22 	 2.0340000e+03 
4.6970246e+22 	 2.0350000e+03 
4.6970359e+22 	 2.0360000e+03 
4.6970472e+22 	 2.0370000e+03 
4.6970585e+22 	 2.0380000e+03 
4.6970697e+22 	 2.0390000e+03 
4.6970810e+22 	 2.0400000e+03 
4.6970923e+22 	 2.0410000e+03 
4.6971036e+22 	 2.0420000e+03 
4.6971149e+22 	 2.0430000e+03 
4.6971262e+22 	 2.0440000e+03 
4.6971375e+22 	 2.0450000e+03 
4.6971487e+22 	 2.0460000e+03 
4.6972038e+22 	 2.0470000e+03 
4.7108175e+22 	 2.0480000e+03 
4.7244311e+22 	 2.0490000e+03 
4.7380447e+22 	 2.0500000e+03 
4.7516583e+22 	 2.0510000e+03 
4.7574752e+22 	 2.0520000e+03 
4.7574842e+22 	 2.0530000e+03 
4.7574932e+22 	 2.0540000e+03 
4.7575023e+22 	 2.0550000e+03 
4.7575116e+22 	 2.0560000e+03 
4.7575229e+22 	 2.0570000e+03 
4.7575342e+22 	 2.0580000e+03 
4.7575455e+22 	 2.0590000e+03 
4.7575568e+22 	 2.0600000e+03 
4.7575680e+22 	 2.0610000e+03 
4.7575793e+22 	 2.0620000e+03 
4.7575906e+22 	 2.0630000e+03 
4.7576019e+22 	 2.0640000e+03 
4.7576132e+22 	 2.0650000e+03 
4.7576245e+22 	 2.0660000e+03 
4.7576358e+22 	 2.0670000e+03 
4.7576471e+22 	 2.0680000e+03 
4.7576583e+22 	 2.0690000e+03 
4.7576696e+22 	 2.0700000e+03 
4.7576809e+22 	 2.0710000e+03 
4.7576922e+22 	 2.0720000e+03 
4.7577035e+22 	 2.0730000e+03 
4.7577148e+22 	 2.0740000e+03 
4.7577261e+22 	 2.0750000e+03 
4.7577373e+22 	 2.0760000e+03 
4.7577486e+22 	 2.0770000e+03 
4.7577599e+22 	 2.0780000e+03 
4.7577712e+22 	 2.0790000e+03 
4.7577825e+22 	 2.0800000e+03 
4.7577938e+22 	 2.0810000e+03 
4.7578051e+22 	 2.0820000e+03 
4.7578163e+22 	 2.0830000e+03 
4.7578276e+22 	 2.0840000e+03 
4.7578389e+22 	 2.0850000e+03 
4.7578502e+22 	 2.0860000e+03 
4.7578615e+22 	 2.0870000e+03 
4.7578728e+22 	 2.0880000e+03 
4.7578841e+22 	 2.0890000e+03 
4.7578953e+22 	 2.0900000e+03 
4.7579066e+22 	 2.0910000e+03 
4.7579163e+22 	 2.0920000e+03 
4.7579254e+22 	 2.0930000e+03 
4.7579344e+22 	 2.0940000e+03 
4.7579434e+22 	 2.0950000e+03 
4.7579531e+22 	 2.0960000e+03 
4.7579644e+22 	 2.0970000e+03 
4.7579756e+22 	 2.0980000e+03 
4.7579869e+22 	 2.0990000e+03 
4.7579982e+22 	 2.1000000e+03 
4.7580095e+22 	 2.1010000e+03 
4.7580208e+22 	 2.1020000e+03 
4.7580321e+22 	 2.1030000e+03 
4.7580434e+22 	 2.1040000e+03 
4.7580546e+22 	 2.1050000e+03 
4.7580659e+22 	 2.1060000e+03 
4.7580772e+22 	 2.1070000e+03 
4.7580885e+22 	 2.1080000e+03 
4.7580998e+22 	 2.1090000e+03 
4.7581111e+22 	 2.1100000e+03 
4.7581224e+22 	 2.1110000e+03 
4.7581336e+22 	 2.1120000e+03 
4.7581449e+22 	 2.1130000e+03 
4.7581562e+22 	 2.1140000e+03 
4.7581675e+22 	 2.1150000e+03 
4.7581788e+22 	 2.1160000e+03 
4.7581901e+22 	 2.1170000e+03 
4.7582014e+22 	 2.1180000e+03 
4.7582127e+22 	 2.1190000e+03 
4.7582239e+22 	 2.1200000e+03 
4.7582352e+22 	 2.1210000e+03 
4.7582465e+22 	 2.1220000e+03 
4.7582578e+22 	 2.1230000e+03 
4.7582691e+22 	 2.1240000e+03 
4.7582804e+22 	 2.1250000e+03 
4.7582917e+22 	 2.1260000e+03 
4.7583029e+22 	 2.1270000e+03 
4.7583142e+22 	 2.1280000e+03 
4.7583255e+22 	 2.1290000e+03 
4.7583368e+22 	 2.1300000e+03 
4.7583481e+22 	 2.1310000e+03 
4.7583575e+22 	 2.1320000e+03 
4.7583665e+22 	 2.1330000e+03 
4.7583756e+22 	 2.1340000e+03 
4.7583846e+22 	 2.1350000e+03 
4.7583945e+22 	 2.1360000e+03 
4.7584058e+22 	 2.1370000e+03 
4.7584171e+22 	 2.1380000e+03 
4.7584284e+22 	 2.1390000e+03 
4.7584397e+22 	 2.1400000e+03 
4.7584510e+22 	 2.1410000e+03 
4.7584622e+22 	 2.1420000e+03 
4.7584735e+22 	 2.1430000e+03 
4.7584848e+22 	 2.1440000e+03 
4.7659443e+22 	 2.1450000e+03 
4.7797362e+22 	 2.1460000e+03 
4.7935281e+22 	 2.1470000e+03 
4.8073200e+22 	 2.1480000e+03 
4.8195912e+22 	 2.1490000e+03 
4.8196025e+22 	 2.1500000e+03 
4.8196138e+22 	 2.1510000e+03 
4.8196251e+22 	 2.1520000e+03 
4.8196364e+22 	 2.1530000e+03 
4.8196477e+22 	 2.1540000e+03 
4.8196590e+22 	 2.1550000e+03 
4.8196703e+22 	 2.1560000e+03 
4.8196815e+22 	 2.1570000e+03 
4.8196928e+22 	 2.1580000e+03 
4.8197041e+22 	 2.1590000e+03 
4.8197154e+22 	 2.1600000e+03 
4.8197267e+22 	 2.1610000e+03 
4.8197380e+22 	 2.1620000e+03 
4.8197493e+22 	 2.1630000e+03 
4.8197605e+22 	 2.1640000e+03 
4.8197718e+22 	 2.1650000e+03 
4.8197831e+22 	 2.1660000e+03 
4.8197944e+22 	 2.1670000e+03 
4.8198057e+22 	 2.1680000e+03 
4.8198170e+22 	 2.1690000e+03 
4.8198283e+22 	 2.1700000e+03 
4.8198395e+22 	 2.1710000e+03 
4.8198508e+22 	 2.1720000e+03 
4.8198621e+22 	 2.1730000e+03 
4.8198734e+22 	 2.1740000e+03 
4.8198847e+22 	 2.1750000e+03 
4.8198960e+22 	 2.1760000e+03 
4.8199073e+22 	 2.1770000e+03 
4.8199185e+22 	 2.1780000e+03 
4.8199298e+22 	 2.1790000e+03 
4.8199411e+22 	 2.1800000e+03 
4.8199524e+22 	 2.1810000e+03 
4.8199637e+22 	 2.1820000e+03 
4.8199750e+22 	 2.1830000e+03 
4.8199863e+22 	 2.1840000e+03 
4.8199976e+22 	 2.1850000e+03 
4.8200088e+22 	 2.1860000e+03 
4.8200201e+22 	 2.1870000e+03 
4.8200314e+22 	 2.1880000e+03 
4.8200427e+22 	 2.1890000e+03 
4.8200540e+22 	 2.1900000e+03 
4.8200653e+22 	 2.1910000e+03 
4.8200766e+22 	 2.1920000e+03 
4.8200878e+22 	 2.1930000e+03 
4.8200973e+22 	 2.1940000e+03 
4.8201063e+22 	 2.1950000e+03 
4.8201154e+22 	 2.1960000e+03 
4.8201244e+22 	 2.1970000e+03 
4.8201343e+22 	 2.1980000e+03 
4.8201456e+22 	 2.1990000e+03 
4.8201568e+22 	 2.2000000e+03 
4.8201681e+22 	 2.2010000e+03 
4.8201794e+22 	 2.2020000e+03 
4.8201907e+22 	 2.2030000e+03 
4.8202020e+22 	 2.2040000e+03 
4.8202133e+22 	 2.2050000e+03 
4.8202246e+22 	 2.2060000e+03 
4.8202359e+22 	 2.2070000e+03 
4.8202471e+22 	 2.2080000e+03 
4.8202584e+22 	 2.2090000e+03 
4.8202697e+22 	 2.2100000e+03 
4.8202810e+22 	 2.2110000e+03 
4.8202923e+22 	 2.2120000e+03 
4.8203036e+22 	 2.2130000e+03 
4.8203149e+22 	 2.2140000e+03 
4.8203261e+22 	 2.2150000e+03 
4.8203374e+22 	 2.2160000e+03 
4.8203487e+22 	 2.2170000e+03 
4.8203600e+22 	 2.2180000e+03 
4.8203713e+22 	 2.2190000e+03 
4.8203826e+22 	 2.2200000e+03 
4.8203939e+22 	 2.2210000e+03 
4.8204051e+22 	 2.2220000e+03 
4.8204164e+22 	 2.2230000e+03 
4.8204277e+22 	 2.2240000e+03 
4.8204390e+22 	 2.2250000e+03 
4.8204503e+22 	 2.2260000e+03 
4.8204616e+22 	 2.2270000e+03 
4.8204729e+22 	 2.2280000e+03 
4.8204842e+22 	 2.2290000e+03 
4.8204954e+22 	 2.2300000e+03 
4.8205067e+22 	 2.2310000e+03 
4.8205180e+22 	 2.2320000e+03 
4.8205293e+22 	 2.2330000e+03 
4.8205406e+22 	 2.2340000e+03 
4.8205519e+22 	 2.2350000e+03 
4.8205632e+22 	 2.2360000e+03 
4.8205744e+22 	 2.2370000e+03 
4.8205857e+22 	 2.2380000e+03 
4.8205970e+22 	 2.2390000e+03 
4.8206083e+22 	 2.2400000e+03 
4.8206196e+22 	 2.2410000e+03 
4.8206309e+22 	 2.2420000e+03 
4.8206422e+22 	 2.2430000e+03 
4.8206534e+22 	 2.2440000e+03 
4.8206647e+22 	 2.2450000e+03 
4.8206760e+22 	 2.2460000e+03 
4.8206873e+22 	 2.2470000e+03 
4.8206986e+22 	 2.2480000e+03 
4.8207099e+22 	 2.2490000e+03 
4.8207212e+22 	 2.2500000e+03 
4.8207325e+22 	 2.2510000e+03 
4.8207437e+22 	 2.2520000e+03 
4.8207550e+22 	 2.2530000e+03 
4.8207663e+22 	 2.2540000e+03 
4.8207776e+22 	 2.2550000e+03 
4.8207889e+22 	 2.2560000e+03 
4.8208002e+22 	 2.2570000e+03 
4.8208115e+22 	 2.2580000e+03 
4.8208227e+22 	 2.2590000e+03 
4.8208340e+22 	 2.2600000e+03 
4.8208453e+22 	 2.2610000e+03 
4.8208566e+22 	 2.2620000e+03 
4.8208679e+22 	 2.2630000e+03 
4.8208792e+22 	 2.2640000e+03 
4.8338339e+22 	 2.2650000e+03 
4.8478065e+22 	 2.2660000e+03 
4.8617790e+22 	 2.2670000e+03 
4.8757515e+22 	 2.2680000e+03 
4.8827856e+22 	 2.2690000e+03 
4.8827969e+22 	 2.2700000e+03 
4.8828082e+22 	 2.2710000e+03 
4.8828195e+22 	 2.2720000e+03 
4.8828308e+22 	 2.2730000e+03 
4.8828420e+22 	 2.2740000e+03 
4.8828533e+22 	 2.2750000e+03 
4.8828646e+22 	 2.2760000e+03 
4.8828759e+22 	 2.2770000e+03 
4.8828872e+22 	 2.2780000e+03 
4.8828985e+22 	 2.2790000e+03 
4.8829098e+22 	 2.2800000e+03 
4.8829210e+22 	 2.2810000e+03 
4.8829323e+22 	 2.2820000e+03 
4.8829436e+22 	 2.2830000e+03 
4.8829549e+22 	 2.2840000e+03 
4.8829662e+22 	 2.2850000e+03 
4.8829775e+22 	 2.2860000e+03 
4.8829888e+22 	 2.2870000e+03 
4.8830000e+22 	 2.2880000e+03 
4.8830113e+22 	 2.2890000e+03 
4.8830226e+22 	 2.2900000e+03 
4.8830339e+22 	 2.2910000e+03 
4.8830452e+22 	 2.2920000e+03 
4.8830565e+22 	 2.2930000e+03 
4.8830678e+22 	 2.2940000e+03 
4.8830791e+22 	 2.2950000e+03 
4.8830903e+22 	 2.2960000e+03 
4.8831016e+22 	 2.2970000e+03 
4.8831129e+22 	 2.2980000e+03 
4.8831242e+22 	 2.2990000e+03 
4.8831355e+22 	 2.3000000e+03 
4.8831468e+22 	 2.3010000e+03 
4.8831581e+22 	 2.3020000e+03 
4.8831693e+22 	 2.3030000e+03 
4.8831806e+22 	 2.3040000e+03 
4.8831919e+22 	 2.3050000e+03 
4.8832032e+22 	 2.3060000e+03 
4.8832145e+22 	 2.3070000e+03 
4.8832258e+22 	 2.3080000e+03 
4.8832371e+22 	 2.3090000e+03 
4.8832483e+22 	 2.3100000e+03 
4.8832596e+22 	 2.3110000e+03 
4.8832709e+22 	 2.3120000e+03 
4.8832822e+22 	 2.3130000e+03 
4.8832935e+22 	 2.3140000e+03 
4.8833048e+22 	 2.3150000e+03 
4.8833161e+22 	 2.3160000e+03 
4.8833274e+22 	 2.3170000e+03 
4.8833386e+22 	 2.3180000e+03 
4.8833499e+22 	 2.3190000e+03 
4.8833612e+22 	 2.3200000e+03 
4.8833725e+22 	 2.3210000e+03 
4.8833838e+22 	 2.3220000e+03 
4.8833951e+22 	 2.3230000e+03 
4.8834064e+22 	 2.3240000e+03 
4.8834176e+22 	 2.3250000e+03 
4.8834289e+22 	 2.3260000e+03 
4.8834402e+22 	 2.3270000e+03 
4.8834515e+22 	 2.3280000e+03 
4.8834628e+22 	 2.3290000e+03 
4.8834741e+22 	 2.3300000e+03 
4.8834854e+22 	 2.3310000e+03 
4.8834967e+22 	 2.3320000e+03 
4.8835079e+22 	 2.3330000e+03 
4.8835192e+22 	 2.3340000e+03 
4.8835305e+22 	 2.3350000e+03 
4.8835418e+22 	 2.3360000e+03 
4.8835531e+22 	 2.3370000e+03 
4.8835644e+22 	 2.3380000e+03 
4.8835757e+22 	 2.3390000e+03 
4.8835869e+22 	 2.3400000e+03 
4.8835982e+22 	 2.3410000e+03 
4.8836095e+22 	 2.3420000e+03 
4.8836208e+22 	 2.3430000e+03 
4.8836321e+22 	 2.3440000e+03 
4.8836434e+22 	 2.3450000e+03 
4.8836547e+22 	 2.3460000e+03 
4.8836659e+22 	 2.3470000e+03 
4.8836772e+22 	 2.3480000e+03 
4.8836885e+22 	 2.3490000e+03 
4.8836998e+22 	 2.3500000e+03 
4.8837111e+22 	 2.3510000e+03 
4.8837224e+22 	 2.3520000e+03 
4.8837337e+22 	 2.3530000e+03 
4.8837450e+22 	 2.3540000e+03 
4.8837562e+22 	 2.3550000e+03 
4.8837675e+22 	 2.3560000e+03 
4.8837788e+22 	 2.3570000e+03 
4.8837901e+22 	 2.3580000e+03 
4.8838014e+22 	 2.3590000e+03 
4.8838127e+22 	 2.3600000e+03 
4.8838240e+22 	 2.3610000e+03 
4.8838352e+22 	 2.3620000e+03 
4.8838465e+22 	 2.3630000e+03 
4.8838578e+22 	 2.3640000e+03 
4.8838691e+22 	 2.3650000e+03 
4.8838804e+22 	 2.3660000e+03 
4.8838917e+22 	 2.3670000e+03 
4.8839030e+22 	 2.3680000e+03 
4.8839142e+22 	 2.3690000e+03 
4.8839255e+22 	 2.3700000e+03 
4.8839368e+22 	 2.3710000e+03 
4.8839481e+22 	 2.3720000e+03 
4.8839594e+22 	 2.3730000e+03 
4.8839707e+22 	 2.3740000e+03 
4.8839820e+22 	 2.3750000e+03 
4.8839932e+22 	 2.3760000e+03 
4.8840045e+22 	 2.3770000e+03 
4.8840158e+22 	 2.3780000e+03 
4.8840271e+22 	 2.3790000e+03 
4.8840384e+22 	 2.3800000e+03 
4.8840497e+22 	 2.3810000e+03 
4.8840610e+22 	 2.3820000e+03 
4.8840723e+22 	 2.3830000e+03 
4.8840835e+22 	 2.3840000e+03 
4.8840948e+22 	 2.3850000e+03 
4.8841061e+22 	 2.3860000e+03 
4.8841174e+22 	 2.3870000e+03 
4.8841287e+22 	 2.3880000e+03 
4.8841400e+22 	 2.3890000e+03 
4.8841513e+22 	 2.3900000e+03 
4.8841625e+22 	 2.3910000e+03 
4.8841738e+22 	 2.3920000e+03 
4.8841851e+22 	 2.3930000e+03 
4.8841964e+22 	 2.3940000e+03 
4.8842077e+22 	 2.3950000e+03 
4.8842190e+22 	 2.3960000e+03 
4.8842303e+22 	 2.3970000e+03 
4.8842415e+22 	 2.3980000e+03 
4.8842528e+22 	 2.3990000e+03 
4.8842641e+22 	 2.4000000e+03 
4.8842754e+22 	 2.4010000e+03 
4.8842867e+22 	 2.4020000e+03 
4.8842980e+22 	 2.4030000e+03 
4.8843093e+22 	 2.4040000e+03 
4.8843206e+22 	 2.4050000e+03 
4.8843318e+22 	 2.4060000e+03 
4.8843431e+22 	 2.4070000e+03 
4.8843544e+22 	 2.4080000e+03 
4.8843657e+22 	 2.4090000e+03 
4.8843770e+22 	 2.4100000e+03 
4.8843883e+22 	 2.4110000e+03 
4.8843996e+22 	 2.4120000e+03 
4.8844108e+22 	 2.4130000e+03 
4.8844221e+22 	 2.4140000e+03 
4.8844334e+22 	 2.4150000e+03 
4.8844447e+22 	 2.4160000e+03 
4.8844560e+22 	 2.4170000e+03 
4.8844673e+22 	 2.4180000e+03 
4.8844786e+22 	 2.4190000e+03 
4.8844898e+22 	 2.4200000e+03 
4.8845011e+22 	 2.4210000e+03 
4.8845124e+22 	 2.4220000e+03 
4.8845237e+22 	 2.4230000e+03 
4.8845350e+22 	 2.4240000e+03 
4.8845463e+22 	 2.4250000e+03 
4.8845576e+22 	 2.4260000e+03 
4.8845689e+22 	 2.4270000e+03 
4.8845801e+22 	 2.4280000e+03 
4.8845914e+22 	 2.4290000e+03 
4.8846027e+22 	 2.4300000e+03 
4.8846140e+22 	 2.4310000e+03 
4.8846253e+22 	 2.4320000e+03 
4.8846366e+22 	 2.4330000e+03 
4.8846479e+22 	 2.4340000e+03 
4.8846591e+22 	 2.4350000e+03 
4.8846704e+22 	 2.4360000e+03 
4.8846817e+22 	 2.4370000e+03 
4.8846930e+22 	 2.4380000e+03 
4.8847043e+22 	 2.4390000e+03 
4.8847156e+22 	 2.4400000e+03 
4.8847269e+22 	 2.4410000e+03 
4.8847382e+22 	 2.4420000e+03 
4.8847494e+22 	 2.4430000e+03 
4.8847607e+22 	 2.4440000e+03 
4.8847720e+22 	 2.4450000e+03 
4.8847833e+22 	 2.4460000e+03 
4.8847946e+22 	 2.4470000e+03 
4.8848059e+22 	 2.4480000e+03 
4.8848172e+22 	 2.4490000e+03 
4.8848284e+22 	 2.4500000e+03 
4.8848397e+22 	 2.4510000e+03 
4.8848510e+22 	 2.4520000e+03 
4.8848623e+22 	 2.4530000e+03 
4.8848736e+22 	 2.4540000e+03 
4.8848849e+22 	 2.4550000e+03 
4.8848962e+22 	 2.4560000e+03 
4.8849074e+22 	 2.4570000e+03 
4.8849187e+22 	 2.4580000e+03 
4.8849300e+22 	 2.4590000e+03 
4.8849413e+22 	 2.4600000e+03 
4.8849526e+22 	 2.4610000e+03 
4.8849639e+22 	 2.4620000e+03 
4.8849752e+22 	 2.4630000e+03 
4.8849865e+22 	 2.4640000e+03 
4.8849977e+22 	 2.4650000e+03 
4.8850090e+22 	 2.4660000e+03 
4.8850203e+22 	 2.4670000e+03 
4.8850316e+22 	 2.4680000e+03 
4.8850429e+22 	 2.4690000e+03 
4.8850542e+22 	 2.4700000e+03 
4.8850655e+22 	 2.4710000e+03 
4.8850767e+22 	 2.4720000e+03 
4.8951511e+22 	 2.4730000e+03 
4.9093109e+22 	 2.4740000e+03 
4.9234708e+22 	 2.4750000e+03 
4.9376306e+22 	 2.4760000e+03 
4.9478132e+22 	 2.4770000e+03 
4.9478245e+22 	 2.4780000e+03 
4.9478357e+22 	 2.4790000e+03 
4.9478470e+22 	 2.4800000e+03 
4.9478583e+22 	 2.4810000e+03 
4.9478696e+22 	 2.4820000e+03 
4.9478809e+22 	 2.4830000e+03 
4.9478922e+22 	 2.4840000e+03 
4.9479035e+22 	 2.4850000e+03 
4.9479147e+22 	 2.4860000e+03 
4.9479260e+22 	 2.4870000e+03 
4.9479373e+22 	 2.4880000e+03 
4.9479486e+22 	 2.4890000e+03 
4.9479599e+22 	 2.4900000e+03 
4.9479712e+22 	 2.4910000e+03 
4.9479825e+22 	 2.4920000e+03 
4.9479938e+22 	 2.4930000e+03 
4.9480050e+22 	 2.4940000e+03 
4.9480163e+22 	 2.4950000e+03 
4.9480276e+22 	 2.4960000e+03 
4.9480389e+22 	 2.4970000e+03 
4.9480502e+22 	 2.4980000e+03 
4.9480615e+22 	 2.4990000e+03 
4.9480728e+22 	 2.5000000e+03 
4.9480840e+22 	 2.5010000e+03 
4.9480953e+22 	 2.5020000e+03 
4.9481066e+22 	 2.5030000e+03 
4.9481179e+22 	 2.5040000e+03 
4.9481292e+22 	 2.5050000e+03 
4.9481405e+22 	 2.5060000e+03 
4.9481518e+22 	 2.5070000e+03 
4.9481631e+22 	 2.5080000e+03 
4.9481743e+22 	 2.5090000e+03 
4.9481856e+22 	 2.5100000e+03 
4.9481969e+22 	 2.5110000e+03 
4.9482082e+22 	 2.5120000e+03 
4.9482195e+22 	 2.5130000e+03 
4.9482308e+22 	 2.5140000e+03 
4.9482421e+22 	 2.5150000e+03 
4.9482533e+22 	 2.5160000e+03 
4.9482656e+22 	 2.5170000e+03 
4.9482791e+22 	 2.5180000e+03 
4.9482926e+22 	 2.5190000e+03 
4.9483062e+22 	 2.5200000e+03 
4.9483197e+22 	 2.5210000e+03 
4.9483311e+22 	 2.5220000e+03 
4.9483423e+22 	 2.5230000e+03 
4.9483536e+22 	 2.5240000e+03 
4.9483649e+22 	 2.5250000e+03 
4.9483762e+22 	 2.5260000e+03 
4.9483875e+22 	 2.5270000e+03 
4.9483988e+22 	 2.5280000e+03 
4.9484101e+22 	 2.5290000e+03 
4.9484213e+22 	 2.5300000e+03 
4.9484326e+22 	 2.5310000e+03 
4.9484439e+22 	 2.5320000e+03 
4.9484552e+22 	 2.5330000e+03 
4.9484665e+22 	 2.5340000e+03 
4.9484778e+22 	 2.5350000e+03 
4.9484891e+22 	 2.5360000e+03 
4.9485004e+22 	 2.5370000e+03 
4.9485116e+22 	 2.5380000e+03 
4.9485229e+22 	 2.5390000e+03 
4.9485342e+22 	 2.5400000e+03 
4.9485455e+22 	 2.5410000e+03 
4.9485568e+22 	 2.5420000e+03 
4.9485681e+22 	 2.5430000e+03 
4.9485794e+22 	 2.5440000e+03 
4.9485906e+22 	 2.5450000e+03 
4.9486019e+22 	 2.5460000e+03 
4.9486132e+22 	 2.5470000e+03 
4.9486245e+22 	 2.5480000e+03 
4.9486358e+22 	 2.5490000e+03 
4.9486471e+22 	 2.5500000e+03 
4.9486584e+22 	 2.5510000e+03 
4.9486697e+22 	 2.5520000e+03 
4.9486809e+22 	 2.5530000e+03 
4.9486922e+22 	 2.5540000e+03 
4.9487035e+22 	 2.5550000e+03 
4.9487148e+22 	 2.5560000e+03 
4.9487261e+22 	 2.5570000e+03 
4.9487374e+22 	 2.5580000e+03 
4.9487487e+22 	 2.5590000e+03 
4.9487599e+22 	 2.5600000e+03 
4.9487712e+22 	 2.5610000e+03 
4.9487825e+22 	 2.5620000e+03 
4.9487938e+22 	 2.5630000e+03 
4.9488051e+22 	 2.5640000e+03 
4.9488164e+22 	 2.5650000e+03 
4.9488277e+22 	 2.5660000e+03 
4.9488389e+22 	 2.5670000e+03 
4.9488502e+22 	 2.5680000e+03 
4.9488615e+22 	 2.5690000e+03 
4.9488734e+22 	 2.5700000e+03 
4.9488869e+22 	 2.5710000e+03 
4.9489005e+22 	 2.5720000e+03 
4.9489140e+22 	 2.5730000e+03 
4.9489275e+22 	 2.5740000e+03 
4.9489392e+22 	 2.5750000e+03 
4.9489505e+22 	 2.5760000e+03 
4.9489618e+22 	 2.5770000e+03 
4.9489731e+22 	 2.5780000e+03 
4.9489844e+22 	 2.5790000e+03 
4.9489957e+22 	 2.5800000e+03 
4.9490070e+22 	 2.5810000e+03 
4.9490182e+22 	 2.5820000e+03 
4.9490295e+22 	 2.5830000e+03 
4.9490408e+22 	 2.5840000e+03 
4.9490521e+22 	 2.5850000e+03 
4.9490634e+22 	 2.5860000e+03 
4.9490747e+22 	 2.5870000e+03 
4.9490860e+22 	 2.5880000e+03 
4.9490972e+22 	 2.5890000e+03 
4.9491085e+22 	 2.5900000e+03 
4.9491198e+22 	 2.5910000e+03 
4.9491311e+22 	 2.5920000e+03 
4.9491424e+22 	 2.5930000e+03 
4.9491537e+22 	 2.5940000e+03 
4.9491650e+22 	 2.5950000e+03 
4.9491762e+22 	 2.5960000e+03 
4.9491875e+22 	 2.5970000e+03 
4.9491988e+22 	 2.5980000e+03 
4.9492101e+22 	 2.5990000e+03 
4.9492214e+22 	 2.6000000e+03 
4.9492327e+22 	 2.6010000e+03 
4.9492440e+22 	 2.6020000e+03 
4.9492553e+22 	 2.6030000e+03 
4.9492665e+22 	 2.6040000e+03 
4.9492778e+22 	 2.6050000e+03 
4.9492891e+22 	 2.6060000e+03 
4.9493004e+22 	 2.6070000e+03 
4.9493117e+22 	 2.6080000e+03 
4.9493230e+22 	 2.6090000e+03 
4.9493343e+22 	 2.6100000e+03 
4.9493455e+22 	 2.6110000e+03 
4.9493568e+22 	 2.6120000e+03 
4.9493681e+22 	 2.6130000e+03 
4.9493794e+22 	 2.6140000e+03 
4.9493907e+22 	 2.6150000e+03 
4.9494020e+22 	 2.6160000e+03 
4.9494133e+22 	 2.6170000e+03 
4.9494246e+22 	 2.6180000e+03 
4.9494358e+22 	 2.6190000e+03 
4.9494471e+22 	 2.6200000e+03 
4.9494584e+22 	 2.6210000e+03 
4.9494697e+22 	 2.6220000e+03 
4.9494812e+22 	 2.6230000e+03 
4.9494947e+22 	 2.6240000e+03 
4.9495083e+22 	 2.6250000e+03 
4.9495218e+22 	 2.6260000e+03 
4.9495354e+22 	 2.6270000e+03 
4.9495474e+22 	 2.6280000e+03 
4.9495587e+22 	 2.6290000e+03 
4.9495700e+22 	 2.6300000e+03 
4.9495813e+22 	 2.6310000e+03 
4.9495926e+22 	 2.6320000e+03 
4.9496038e+22 	 2.6330000e+03 
4.9496151e+22 	 2.6340000e+03 
4.9496264e+22 	 2.6350000e+03 
4.9496377e+22 	 2.6360000e+03 
4.9496490e+22 	 2.6370000e+03 
4.9496603e+22 	 2.6380000e+03 
4.9496716e+22 	 2.6390000e+03 
4.9496828e+22 	 2.6400000e+03 
4.9496941e+22 	 2.6410000e+03 
4.9497054e+22 	 2.6420000e+03 
4.9497167e+22 	 2.6430000e+03 
4.9497280e+22 	 2.6440000e+03 
4.9497393e+22 	 2.6450000e+03 
4.9497506e+22 	 2.6460000e+03 
4.9497619e+22 	 2.6470000e+03 
4.9497731e+22 	 2.6480000e+03 
4.9497844e+22 	 2.6490000e+03 
4.9497957e+22 	 2.6500000e+03 
4.9498070e+22 	 2.6510000e+03 
4.9498183e+22 	 2.6520000e+03 
4.9498296e+22 	 2.6530000e+03 
4.9498409e+22 	 2.6540000e+03 
4.9498521e+22 	 2.6550000e+03 
4.9498634e+22 	 2.6560000e+03 
4.9498747e+22 	 2.6570000e+03 
4.9498860e+22 	 2.6580000e+03 
4.9498973e+22 	 2.6590000e+03 
4.9499086e+22 	 2.6600000e+03 
4.9499199e+22 	 2.6610000e+03 
4.9499311e+22 	 2.6620000e+03 
4.9499424e+22 	 2.6630000e+03 
4.9499537e+22 	 2.6640000e+03 
4.9499650e+22 	 2.6650000e+03 
4.9499763e+22 	 2.6660000e+03 
4.9499876e+22 	 2.6670000e+03 
4.9499989e+22 	 2.6680000e+03 
4.9500102e+22 	 2.6690000e+03 
4.9500214e+22 	 2.6700000e+03 
4.9500327e+22 	 2.6710000e+03 
4.9500440e+22 	 2.6720000e+03 
4.9500553e+22 	 2.6730000e+03 
4.9500666e+22 	 2.6740000e+03 
4.9500779e+22 	 2.6750000e+03 
4.9500892e+22 	 2.6760000e+03 
4.9501025e+22 	 2.6770000e+03 
4.9501161e+22 	 2.6780000e+03 
4.9501296e+22 	 2.6790000e+03 
4.9501432e+22 	 2.6800000e+03 
4.9501556e+22 	 2.6810000e+03 
4.9501669e+22 	 2.6820000e+03 
4.9501782e+22 	 2.6830000e+03 
4.9501894e+22 	 2.6840000e+03 
4.9502007e+22 	 2.6850000e+03 
4.9502120e+22 	 2.6860000e+03 
4.9502233e+22 	 2.6870000e+03 
4.9502346e+22 	 2.6880000e+03 
4.9502459e+22 	 2.6890000e+03 
4.9502572e+22 	 2.6900000e+03 
4.9502685e+22 	 2.6910000e+03 
4.9502797e+22 	 2.6920000e+03 
4.9502910e+22 	 2.6930000e+03 
4.9503023e+22 	 2.6940000e+03 
4.9503136e+22 	 2.6950000e+03 
4.9503249e+22 	 2.6960000e+03 
4.9503362e+22 	 2.6970000e+03 
4.9503475e+22 	 2.6980000e+03 
4.9503587e+22 	 2.6990000e+03 
4.9503700e+22 	 2.7000000e+03 
4.9503813e+22 	 2.7010000e+03 
4.9503926e+22 	 2.7020000e+03 
4.9504039e+22 	 2.7030000e+03 
4.9504152e+22 	 2.7040000e+03 
4.9504265e+22 	 2.7050000e+03 
4.9504377e+22 	 2.7060000e+03 
4.9504490e+22 	 2.7070000e+03 
4.9504603e+22 	 2.7080000e+03 
4.9504716e+22 	 2.7090000e+03 
4.9504829e+22 	 2.7100000e+03 
4.9504942e+22 	 2.7110000e+03 
4.9505055e+22 	 2.7120000e+03 
4.9505168e+22 	 2.7130000e+03 
4.9505280e+22 	 2.7140000e+03 
4.9505393e+22 	 2.7150000e+03 
4.9505506e+22 	 2.7160000e+03 
4.9505619e+22 	 2.7170000e+03 
4.9505732e+22 	 2.7180000e+03 
4.9505845e+22 	 2.7190000e+03 
4.9505958e+22 	 2.7200000e+03 
4.9506070e+22 	 2.7210000e+03 
4.9506183e+22 	 2.7220000e+03 
4.9506296e+22 	 2.7230000e+03 
4.9506409e+22 	 2.7240000e+03 
4.9506522e+22 	 2.7250000e+03 
4.9506635e+22 	 2.7260000e+03 
4.9506748e+22 	 2.7270000e+03 
4.9506861e+22 	 2.7280000e+03 
4.9506973e+22 	 2.7290000e+03 
4.9507103e+22 	 2.7300000e+03 
4.9507239e+22 	 2.7310000e+03 
4.9507374e+22 	 2.7320000e+03 
4.9507510e+22 	 2.7330000e+03 
4.9507638e+22 	 2.7340000e+03 
4.9507751e+22 	 2.7350000e+03 
4.9507863e+22 	 2.7360000e+03 
4.9507976e+22 	 2.7370000e+03 
4.9508089e+22 	 2.7380000e+03 
4.9508202e+22 	 2.7390000e+03 
4.9508315e+22 	 2.7400000e+03 
4.9508428e+22 	 2.7410000e+03 
4.9508541e+22 	 2.7420000e+03 
4.9508653e+22 	 2.7430000e+03 
4.9508766e+22 	 2.7440000e+03 
4.9508879e+22 	 2.7450000e+03 
4.9508992e+22 	 2.7460000e+03 
4.9509105e+22 	 2.7470000e+03 
4.9509218e+22 	 2.7480000e+03 
4.9509331e+22 	 2.7490000e+03 
4.9509444e+22 	 2.7500000e+03 
4.9509556e+22 	 2.7510000e+03 
4.9509669e+22 	 2.7520000e+03 
4.9509782e+22 	 2.7530000e+03 
4.9509895e+22 	 2.7540000e+03 
4.9510008e+22 	 2.7550000e+03 
4.9510121e+22 	 2.7560000e+03 
4.9510234e+22 	 2.7570000e+03 
4.9510346e+22 	 2.7580000e+03 
4.9510459e+22 	 2.7590000e+03 
4.9510572e+22 	 2.7600000e+03 
4.9510685e+22 	 2.7610000e+03 
4.9510798e+22 	 2.7620000e+03 
4.9510911e+22 	 2.7630000e+03 
4.9511024e+22 	 2.7640000e+03 
4.9511136e+22 	 2.7650000e+03 
4.9511249e+22 	 2.7660000e+03 
4.9511362e+22 	 2.7670000e+03 
4.9511475e+22 	 2.7680000e+03 
4.9511588e+22 	 2.7690000e+03 
4.9511701e+22 	 2.7700000e+03 
4.9511814e+22 	 2.7710000e+03 
4.9511927e+22 	 2.7720000e+03 
4.9512039e+22 	 2.7730000e+03 
4.9512152e+22 	 2.7740000e+03 
4.9512265e+22 	 2.7750000e+03 
4.9512378e+22 	 2.7760000e+03 
4.9512491e+22 	 2.7770000e+03 
4.9512604e+22 	 2.7780000e+03 
4.9512717e+22 	 2.7790000e+03 
4.9512829e+22 	 2.7800000e+03 
4.9512942e+22 	 2.7810000e+03 
4.9513055e+22 	 2.7820000e+03 
4.9513182e+22 	 2.7830000e+03 
4.9513317e+22 	 2.7840000e+03 
4.9513452e+22 	 2.7850000e+03 
4.9513588e+22 	 2.7860000e+03 
4.9513719e+22 	 2.7870000e+03 
4.9513832e+22 	 2.7880000e+03 
4.9513945e+22 	 2.7890000e+03 
4.9514058e+22 	 2.7900000e+03 
4.9514171e+22 	 2.7910000e+03 
4.9514284e+22 	 2.7920000e+03 
4.9514397e+22 	 2.7930000e+03 
4.9514509e+22 	 2.7940000e+03 
4.9514622e+22 	 2.7950000e+03 
4.9514735e+22 	 2.7960000e+03 
4.9514848e+22 	 2.7970000e+03 
4.9514961e+22 	 2.7980000e+03 
4.9515074e+22 	 2.7990000e+03 
4.9515187e+22 	 2.8000000e+03 
4.9515300e+22 	 2.8010000e+03 
4.9515412e+22 	 2.8020000e+03 
4.9515525e+22 	 2.8030000e+03 
4.9515638e+22 	 2.8040000e+03 
4.9515751e+22 	 2.8050000e+03 
4.9515864e+22 	 2.8060000e+03 
4.9515977e+22 	 2.8070000e+03 
4.9516090e+22 	 2.8080000e+03 
4.9516202e+22 	 2.8090000e+03 
4.9516315e+22 	 2.8100000e+03 
4.9516428e+22 	 2.8110000e+03 
4.9516541e+22 	 2.8120000e+03 
4.9516654e+22 	 2.8130000e+03 
4.9516767e+22 	 2.8140000e+03 
4.9516880e+22 	 2.8150000e+03 
4.9516992e+22 	 2.8160000e+03 
4.9517105e+22 	 2.8170000e+03 
4.9517218e+22 	 2.8180000e+03 
4.9517331e+22 	 2.8190000e+03 
4.9517444e+22 	 2.8200000e+03 
4.9517557e+22 	 2.8210000e+03 
4.9517670e+22 	 2.8220000e+03 
4.9517783e+22 	 2.8230000e+03 
4.9517895e+22 	 2.8240000e+03 
4.9518008e+22 	 2.8250000e+03 
4.9518121e+22 	 2.8260000e+03 
4.9518234e+22 	 2.8270000e+03 
4.9518347e+22 	 2.8280000e+03 
4.9518460e+22 	 2.8290000e+03 
4.9518573e+22 	 2.8300000e+03 
4.9518685e+22 	 2.8310000e+03 
4.9518798e+22 	 2.8320000e+03 
4.9518911e+22 	 2.8330000e+03 
4.9519024e+22 	 2.8340000e+03 
4.9519137e+22 	 2.8350000e+03 
4.9519260e+22 	 2.8360000e+03 
4.9519395e+22 	 2.8370000e+03 
4.9519531e+22 	 2.8380000e+03 
4.9519666e+22 	 2.8390000e+03 
4.9519801e+22 	 2.8400000e+03 
4.9519914e+22 	 2.8410000e+03 
4.9520027e+22 	 2.8420000e+03 
4.9520140e+22 	 2.8430000e+03 
4.9520253e+22 	 2.8440000e+03 
4.9520366e+22 	 2.8450000e+03 
4.9520478e+22 	 2.8460000e+03 
4.9520591e+22 	 2.8470000e+03 
4.9520704e+22 	 2.8480000e+03 
4.9520817e+22 	 2.8490000e+03 
4.9520930e+22 	 2.8500000e+03 
4.9521043e+22 	 2.8510000e+03 
4.9521156e+22 	 2.8520000e+03 
4.9521268e+22 	 2.8530000e+03 
4.9521381e+22 	 2.8540000e+03 
4.9521494e+22 	 2.8550000e+03 
4.9521607e+22 	 2.8560000e+03 
4.9521720e+22 	 2.8570000e+03 
4.9521833e+22 	 2.8580000e+03 
4.9521946e+22 	 2.8590000e+03 
4.9522058e+22 	 2.8600000e+03 
4.9522171e+22 	 2.8610000e+03 
4.9522284e+22 	 2.8620000e+03 
4.9522397e+22 	 2.8630000e+03 
4.9522510e+22 	 2.8640000e+03 
4.9522623e+22 	 2.8650000e+03 
4.9522736e+22 	 2.8660000e+03 
4.9522849e+22 	 2.8670000e+03 
4.9522961e+22 	 2.8680000e+03 
4.9523074e+22 	 2.8690000e+03 
4.9523187e+22 	 2.8700000e+03 
4.9523300e+22 	 2.8710000e+03 
4.9523413e+22 	 2.8720000e+03 
4.9523526e+22 	 2.8730000e+03 
4.9523639e+22 	 2.8740000e+03 
4.9523751e+22 	 2.8750000e+03 
4.9523864e+22 	 2.8760000e+03 
4.9523977e+22 	 2.8770000e+03 
4.9524090e+22 	 2.8780000e+03 
4.9524203e+22 	 2.8790000e+03 
4.9524316e+22 	 2.8800000e+03 
4.9524429e+22 	 2.8810000e+03 
4.9524542e+22 	 2.8820000e+03 
4.9524654e+22 	 2.8830000e+03 
4.9524767e+22 	 2.8840000e+03 
4.9626660e+22 	 2.8850000e+03 
4.9770200e+22 	 2.8860000e+03 
4.9913740e+22 	 2.8870000e+03 
5.0057280e+22 	 2.8880000e+03 
5.0160732e+22 	 2.8890000e+03 
5.0160844e+22 	 2.8900000e+03 
5.0160957e+22 	 2.8910000e+03 
