   2.7420000e+20   1.2742000e+00
   2.5820000e+20   7.7726200e+01
   2.4220000e+20   1.5417820e+02
   2.6985411e+20   2.3063020e+02
   3.3036789e+20   3.0708220e+02
   4.3190780e+20   3.8353420e+02
   4.3105674e+20   4.5998620e+02
   5.5671429e+20   5.3643820e+02
   1.5655636e+21   6.1289020e+02
   4.6141091e+21   6.8934220e+02
   7.2758087e+21   7.6579420e+02
   9.4953986e+21   8.4224620e+02
   1.2251708e+22   9.1869820e+02
   1.5313212e+22   9.9515020e+02
   2.0287273e+22   1.0907152e+03
   2.4690455e+22   1.1671672e+03
   2.9981364e+22   1.2436192e+03
   3.7645558e+22   1.3423697e+03
   4.4151253e+22   1.4188217e+03
   5.1096583e+22   1.4920882e+03
   6.4400000e+22   1.6258792e+03
   7.2309091e+22   1.7023312e+03
   8.0496364e+22   1.7819687e+03
   9.0452164e+22   1.8807192e+03
   9.7832574e+22   1.9571712e+03
   1.0503189e+23   2.0463652e+03
   1.1049886e+23   2.1228172e+03
   1.1167727e+23   2.2247532e+03
   1.0676591e+23   2.3012052e+03
   8.7492255e+22   2.4126977e+03
   4.5922779e+22   2.5178192e+03
   3.5400000e+21   2.6898362e+03
   1.7105455e+21   2.7662882e+03
   1.8600000e+20   2.8299982e+03
