Scaling between Shear wave perturbation to density perturbation from Steinberger et al., 2016
0.2000  0.0 
0.2000  1.0 
0.2000  2.0 
0.2000  3.0 
0.2000  4.0 
0.2000  5.0 
0.2000  6.0 
0.2000  7.0 
0.2000  8.0 
0.2001  9.0 
0.2001 10.0 
0.2001 11.0 
0.2001 12.0 
0.2001 13.0 
0.2001 14.0 
0.2001 15.0 
0.2001 16.0 
0.2001 17.0 
0.2002 18.0 
0.2002 19.0 
0.2002 20.0 
0.2002 21.0 
0.2002 22.0 
0.2002 23.0 
0.2002 24.0 
0.2002 25.0 
0.2002 26.0 
0.2003 27.0 
0.2006 28.0 
0.2010 29.0 
0.2014 30.0 
0.2018 31.0 
0.2021 32.0 
0.2025 33.0 
0.2029 34.0 
0.2033 35.0 
0.2037 36.0 
0.2040 37.0 
0.2044 38.0 
0.2048 39.0 
0.2052 40.0 
0.2056 41.0 
0.2059 42.0 
0.2063 43.0 
0.2067 44.0 
0.2074 45.0 
0.2081 46.0 
0.2087 47.0 
0.2094 48.0 
0.2101 49.0 
0.2108 50.0 
0.2115 51.0 
0.2121 52.0 
0.2128 53.0 
0.2135 54.0 
0.2141 55.0 
0.2145 56.0 
0.2150 57.0 
0.2155 58.0 
0.2159 59.0 
0.2164 60.0 
0.2168 61.0 
0.2173 62.0 
0.2177 63.0 
0.2182 64.0 
0.2187 65.0 
0.2191 66.0 
0.2196 67.0 
0.2200 68.0 
0.2205 69.0 
0.2207 70.0 
0.2207 71.0 
0.2208 72.0 
0.2208 73.0 
0.2209 74.0 
0.2209 75.0 
0.2210 76.0 
0.2210 77.0 
0.2211 78.0 
0.2211 79.0 
0.2212 80.0 
0.2212 81.0 
0.2212 82.0 
0.2213 83.0 
0.2213 84.0 
0.2214 85.0 
0.2214 86.0 
0.2215 87.0 
0.2215 88.0 
0.2216 89.0 
0.2216 90.0 
0.2217 91.0 
0.2217 92.0 
0.2218 93.0 
0.2218 94.0 
0.2219 95.0 
0.2219 96.0 
0.2220 97.0 
0.2220 98.0 
0.2221 99.0 
0.2221 100.0 
0.2222 101.0 
0.2221 102.0 
0.2221 103.0 
0.2220 104.0 
0.2219 105.0 
0.2218 106.0 
0.2218 107.0 
0.2217 108.0 
0.2216 109.0 
0.2216 110.0 
0.2215 111.0 
0.2214 112.0 
0.2213 113.0 
0.2213 114.0 
0.2212 115.0 
0.2211 116.0 
0.2211 117.0 
0.2210 118.0 
0.2209 119.0 
0.2208 120.0 
0.2208 121.0 
0.2207 122.0 
0.2206 123.0 
0.2206 124.0 
0.2205 125.0 
0.2204 126.0 
0.2203 127.0 
0.2203 128.0 
0.2202 129.0 
0.2201 130.0 
0.2201 131.0 
0.2200 132.0 
0.2199 133.0 
0.2198 134.0 
0.2198 135.0 
0.2197 136.0 
0.2196 137.0 
0.2196 138.0 
0.2194 139.0 
0.2193 140.0 
0.2192 141.0 
0.2190 142.0 
0.2189 143.0 
0.2188 144.0 
0.2187 145.0 
0.2185 146.0 
0.2184 147.0 
0.2183 148.0 
0.2182 149.0 
0.2180 150.0 
0.2179 151.0 
0.2178 152.0 
0.2177 153.0 
0.2175 154.0 
0.2174 155.0 
0.2173 156.0 
0.2171 157.0 
0.2170 158.0 
0.2169 159.0 
0.2168 160.0 
0.2166 161.0 
0.2165 162.0 
0.2164 163.0 
0.2163 164.0 
0.2162 165.0 
0.2161 166.0 
0.2160 167.0 
0.2159 168.0 
0.2158 169.0 
0.2157 170.0 
0.2156 171.0 
0.2155 172.0 
0.2154 173.0 
0.2153 174.0 
0.2152 175.0 
0.2151 176.0 
0.2150 177.0 
0.2148 178.0 
0.2147 179.0 
0.2146 180.0 
0.2145 181.0 
0.2144 182.0 
0.2143 183.0 
0.2144 184.0 
0.2144 185.0 
0.2145 186.0 
0.2145 187.0 
0.2146 188.0 
0.2146 189.0 
0.2147 190.0 
0.2147 191.0 
0.2148 192.0 
0.2148 193.0 
0.2149 194.0 
0.2149 195.0 
0.2150 196.0 
0.2150 197.0 
0.2151 198.0 
0.2151 199.0 
0.2152 200.0 
0.2152 201.0 
0.2153 202.0 
0.2153 203.0 
0.2154 204.0 
0.2154 205.0 
0.2155 206.0 
0.2156 207.0 
0.2156 208.0 
0.2157 209.0 
0.2157 210.0 
0.2158 211.0 
0.2158 212.0 
0.2159 213.0 
0.2159 214.0 
0.2160 215.0 
0.2161 216.0 
0.2161 217.0 
0.2162 218.0 
0.2162 219.0 
0.2163 220.0 
0.2164 221.0 
0.2164 222.0 
0.2165 223.0 
0.2166 224.0 
0.2166 225.0 
0.2167 226.0 
0.2168 227.0 
0.2168 228.0 
0.2169 229.0 
0.2170 230.0 
0.2170 231.0 
0.2171 232.0 
0.2172 233.0 
0.2172 234.0 
0.2173 235.0 
0.2174 236.0 
0.2174 237.0 
0.2173 238.0 
0.2173 239.0 
0.2172 240.0 
0.2172 241.0 
0.2171 242.0 
0.2171 243.0 
0.2170 244.0 
0.2170 245.0 
0.2169 246.0 
0.2169 247.0 
0.2168 248.0 
0.2168 249.0 
0.2167 250.0 
0.2167 251.0 
0.2166 252.0 
0.2166 253.0 
0.2165 254.0 
0.2165 255.0 
0.2164 256.0 
0.2164 257.0 
0.2163 258.0 
0.2163 259.0 
0.2163 260.0 
0.2162 261.0 
0.2162 262.0 
0.2161 263.0 
0.2161 264.0 
0.2160 265.0 
0.2160 266.0 
0.2159 267.0 
0.2159 268.0 
0.2158 269.0 
0.2158 270.0 
0.2157 271.0 
0.2157 272.0 
0.2156 273.0 
0.2156 274.0 
0.2155 275.0 
0.2155 276.0 
0.2154 277.0 
0.2154 278.0 
0.2154 279.0 
0.2153 280.0 
0.2153 281.0 
0.2152 282.0 
0.2152 283.0 
0.2151 284.0 
0.2151 285.0 
0.2151 286.0 
0.2150 287.0 
0.2150 288.0 
0.2149 289.0 
0.2149 290.0 
0.2148 291.0 
0.2148 292.0 
0.2148 293.0 
0.2147 294.0 
0.2147 295.0 
0.2146 296.0 
0.2146 297.0 
0.2145 298.0 
0.2145 299.0 
0.2145 300.0 
0.2144 301.0 
0.2144 302.0 
0.2143 303.0 
0.2143 304.0 
0.2142 305.0 
0.2142 306.0 
0.2142 307.0 
0.2141 308.0 
0.2141 309.0 
0.2141 310.0 
0.2142 311.0 
0.2144 312.0 
0.2145 313.0 
0.2146 314.0 
0.2147 315.0 
0.2149 316.0 
0.2150 317.0 
0.2151 318.0 
0.2152 319.0 
0.2154 320.0 
0.2155 321.0 
0.2156 322.0 
0.2158 323.0 
0.2159 324.0 
0.2160 325.0 
0.2161 326.0 
0.2163 327.0 
0.2164 328.0 
0.2165 329.0 
0.2166 330.0 
0.2168 331.0 
0.2169 332.0 
0.2170 333.0 
0.2171 334.0 
0.2173 335.0 
0.2174 336.0 
0.2175 337.0 
0.2176 338.0 
0.2178 339.0 
0.2179 340.0 
0.2180 341.0 
0.2181 342.0 
0.2183 343.0 
0.2184 344.0 
0.2185 345.0 
0.2186 346.0 
0.2186 347.0 
0.2186 348.0 
0.2186 349.0 
0.2186 350.0 
0.2187 351.0 
0.2187 352.0 
0.2187 353.0 
0.2187 354.0 
0.2187 355.0 
0.2187 356.0 
0.2187 357.0 
0.2187 358.0 
0.2187 359.0 
0.2188 360.0 
0.2188 361.0 
0.2188 362.0 
0.2188 363.0 
0.2188 364.0 
0.2188 365.0 
0.2188 366.0 
0.2188 367.0 
0.2188 368.0 
0.2188 369.0 
0.2189 370.0 
0.2189 371.0 
0.2189 372.0 
0.2189 373.0 
0.2189 374.0 
0.2189 375.0 
0.2189 376.0 
0.2189 377.0 
0.2189 378.0 
0.2190 379.0 
0.2190 380.0 
0.2190 381.0 
0.2190 382.0 
0.2190 383.0 
0.2190 384.0 
0.2196 385.0 
0.2205 386.0 
0.2214 387.0 
0.2222 388.0 
0.2231 389.0 
0.2240 390.0 
0.2248 391.0 
0.2257 392.0 
0.2266 393.0 
0.2274 394.0 
0.2284 395.0 
0.2296 396.0 
0.2308 397.0 
0.2320 398.0 
0.2332 399.0 
0.2344 400.0 
0.2356 401.0 
0.2368 402.0 
0.2381 403.0 
0.2393 404.0 
0.2405 405.0 
0.2417 406.0 
0.2429 407.0 
0.2443 408.0 
0.2458 409.0 
0.2472 410.0 
0.2487 411.0 
0.2501 412.0 
0.2516 413.0 
0.2531 414.0 
0.2545 415.0 
0.2553 416.0 
0.2554 417.0 
0.2554 418.0 
0.2555 419.0 
0.2556 420.0 
0.2557 421.0 
0.2558 422.0 
0.2559 423.0 
0.2559 424.0 
0.2560 425.0 
0.2561 426.0 
0.2562 427.0 
0.2563 428.0 
0.2563 429.0 
0.2564 430.0 
0.2565 431.0 
0.2566 432.0 
0.2567 433.0 
0.2568 434.0 
0.2568 435.0 
0.2569 436.0 
0.2570 437.0 
0.2571 438.0 
0.2572 439.0 
0.2572 440.0 
0.2573 441.0 
0.2574 442.0 
0.2575 443.0 
0.2576 444.0 
0.2576 445.0 
0.2577 446.0 
0.2577 447.0 
0.2578 448.0 
0.2578 449.0 
0.2579 450.0 
0.2579 451.0 
0.2580 452.0 
0.2581 453.0 
0.2581 454.0 
0.2582 455.0 
0.2582 456.0 
0.2583 457.0 
0.2583 458.0 
0.2584 459.0 
0.2585 460.0 
0.2585 461.0 
0.2586 462.0 
0.2586 463.0 
0.2587 464.0 
0.2587 465.0 
0.2588 466.0 
0.2588 467.0 
0.2589 468.0 
0.2590 469.0 
0.2590 470.0 
0.2591 471.0 
0.2591 472.0 
0.2592 473.0 
0.2592 474.0 
0.2593 475.0 
0.2593 476.0 
0.2594 477.0 
0.2592 478.0 
0.2588 479.0 
0.2584 480.0 
0.2580 481.0 
0.2575 482.0 
0.2571 483.0 
0.2567 484.0 
0.2563 485.0 
0.2559 486.0 
0.2554 487.0 
0.2550 488.0 
0.2546 489.0 
0.2542 490.0 
0.2538 491.0 
0.2533 492.0 
0.2529 493.0 
0.2525 494.0 
0.2521 495.0 
0.2517 496.0 
0.2512 497.0 
0.2508 498.0 
0.2504 499.0 
0.2500 500.0 
0.2496 501.0 
0.2491 502.0 
0.2487 503.0 
0.2483 504.0 
0.2478 505.0 
0.2473 506.0 
0.2468 507.0 
0.2463 508.0 
0.2459 509.0 
0.2454 510.0 
0.2449 511.0 
0.2444 512.0 
0.2439 513.0 
0.2434 514.0 
0.2430 515.0 
0.2425 516.0 
0.2420 517.0 
0.2415 518.0 
0.2410 519.0 
0.2405 520.0 
0.2401 521.0 
0.2396 522.0 
0.2391 523.0 
0.2386 524.0 
0.2381 525.0 
0.2376 526.0 
0.2371 527.0 
0.2367 528.0 
0.2362 529.0 
0.2357 530.0 
0.2352 531.0 
0.2347 532.0 
0.2342 533.0 
0.2338 534.0 
0.2338 535.0 
0.2338 536.0 
0.2338 537.0 
0.2338 538.0 
0.2338 539.0 
0.2337 540.0 
0.2337 541.0 
0.2337 542.0 
0.2337 543.0 
0.2337 544.0 
0.2337 545.0 
0.2336 546.0 
0.2336 547.0 
0.2336 548.0 
0.2336 549.0 
0.2336 550.0 
0.2336 551.0 
0.2335 552.0 
0.2335 553.0 
0.2335 554.0 
0.2335 555.0 
0.2335 556.0 
0.2335 557.0 
0.2335 558.0 
0.2334 559.0 
0.2334 560.0 
0.2334 561.0 
0.2334 562.0 
0.2334 563.0 
0.2334 564.0 
0.2333 565.0 
0.2333 566.0 
0.2333 567.0 
0.2333 568.0 
0.2333 569.0 
0.2333 570.0 
0.2333 571.0 
0.2332 572.0 
0.2332 573.0 
0.2332 574.0 
0.2332 575.0 
0.2332 576.0 
0.2332 577.0 
0.2331 578.0 
0.2331 579.0 
0.2331 580.0 
0.2331 581.0 
0.2331 582.0 
0.2331 583.0 
0.2330 584.0 
0.2330 585.0 
0.2330 586.0 
0.2330 587.0 
0.2330 588.0 
0.2330 589.0 
0.2330 590.0 
0.2329 591.0 
0.2329 592.0 
0.2329 593.0 
0.2329 594.0 
0.2329 595.0 
0.2329 596.0 
0.2328 597.0 
0.2328 598.0 
0.2328 599.0 
0.2328 600.0 
0.2328 601.0 
0.2328 602.0 
0.2327 603.0 
0.2326 604.0 
0.2325 605.0 
0.2324 606.0 
0.2323 607.0 
0.2323 608.0 
0.2322 609.0 
0.2321 610.0 
0.2320 611.0 
0.2319 612.0 
0.2318 613.0 
0.2317 614.0 
0.2316 615.0 
0.2315 616.0 
0.2314 617.0 
0.2313 618.0 
0.2313 619.0 
0.2312 620.0 
0.2311 621.0 
0.2310 622.0 
0.2309 623.0 
0.2308 624.0 
0.2307 625.0 
0.2306 626.0 
0.2305 627.0 
0.2304 628.0 
0.2304 629.0 
0.2303 630.0 
0.2302 631.0 
0.2301 632.0 
0.2300 633.0 
0.2299 634.0 
0.2298 635.0 
0.2297 636.0 
0.2296 637.0 
0.2295 638.0 
0.2294 639.0 
0.2294 640.0 
0.2293 641.0 
0.2292 642.0 
0.2291 643.0 
0.2290 644.0 
0.2289 645.0 
0.2288 646.0 
0.2287 647.0 
0.2286 648.0 
0.2285 649.0 
0.2285 650.0 
0.2284 651.0 
0.2283 652.0 
0.2282 653.0 
0.2281 654.0 
0.2280 655.0 
0.2279 656.0 
0.2366 657.0 
0.2466 658.0 
0.2565 659.0 
0.2620 660.0 
0.2623 661.0 
0.2626 662.0 
0.2629 663.0 
0.2633 664.0 
0.2636 665.0 
0.2639 666.0 
0.2642 667.0 
0.2645 668.0 
0.2648 669.0 
0.2652 670.0 
0.2655 671.0 
0.2658 672.0 
0.2661 673.0 
0.2664 674.0 
0.2667 675.0 
0.2671 676.0 
0.2674 677.0 
0.2677 678.0 
0.2680 679.0 
0.2683 680.0 
0.2687 681.0 
0.2690 682.0 
0.2693 683.0 
0.2696 684.0 
0.2699 685.0 
0.2702 686.0 
0.2706 687.0 
0.2709 688.0 
0.2712 689.0 
0.2715 690.0 
0.2718 691.0 
0.2722 692.0 
0.2725 693.0 
0.2728 694.0 
0.2731 695.0 
0.2734 696.0 
0.2737 697.0 
0.2741 698.0 
0.2744 699.0 
0.2747 700.0 
0.2750 701.0 
0.2753 702.0 
0.2756 703.0 
0.2760 704.0 
0.2763 705.0 
0.2766 706.0 
0.2769 707.0 
0.2772 708.0 
0.2776 709.0 
0.2779 710.0 
0.2782 711.0 
0.2785 712.0 
0.2788 713.0 
0.2791 714.0 
0.2795 715.0 
0.2798 716.0 
0.2801 717.0 
0.2804 718.0 
0.2807 719.0 
0.2808 720.0 
0.2808 721.0 
0.2808 722.0 
0.2809 723.0 
0.2809 724.0 
0.2809 725.0 
0.2809 726.0 
0.2810 727.0 
0.2810 728.0 
0.2810 729.0 
0.2811 730.0 
0.2811 731.0 
0.2811 732.0 
0.2811 733.0 
0.2812 734.0 
0.2812 735.0 
0.2812 736.0 
0.2813 737.0 
0.2813 738.0 
0.2813 739.0 
0.2813 740.0 
0.2814 741.0 
0.2814 742.0 
0.2814 743.0 
0.2815 744.0 
0.2815 745.0 
0.2815 746.0 
0.2815 747.0 
0.2816 748.0 
0.2816 749.0 
0.2816 750.0 
0.2817 751.0 
0.2817 752.0 
0.2817 753.0 
0.2817 754.0 
0.2818 755.0 
0.2818 756.0 
0.2818 757.0 
0.2819 758.0 
0.2819 759.0 
0.2819 760.0 
0.2819 761.0 
0.2820 762.0 
0.2820 763.0 
0.2820 764.0 
0.2821 765.0 
0.2821 766.0 
0.2821 767.0 
0.2821 768.0 
0.2822 769.0 
0.2822 770.0 
0.2822 771.0 
0.2823 772.0 
0.2823 773.0 
0.2823 774.0 
0.2823 775.0 
0.2824 776.0 
0.2824 777.0 
0.2824 778.0 
0.2825 779.0 
0.2825 780.0 
0.2825 781.0 
0.2825 782.0 
0.2826 783.0 
0.2826 784.0 
0.2826 785.0 
0.2827 786.0 
0.2827 787.0 
0.2827 788.0 
0.2827 789.0 
0.2828 790.0 
0.2828 791.0 
0.2828 792.0 
0.2829 793.0 
0.2829 794.0 
0.2829 795.0 
0.2829 796.0 
0.2830 797.0 
0.2830 798.0 
0.2830 799.0 
0.2831 800.0 
0.2831 801.0 
0.2831 802.0 
0.2831 803.0 
0.2831 804.0 
0.2831 805.0 
0.2831 806.0 
0.2831 807.0 
0.2831 808.0 
0.2831 809.0 
0.2831 810.0 
0.2831 811.0 
0.2831 812.0 
0.2831 813.0 
0.2831 814.0 
0.2831 815.0 
0.2831 816.0 
0.2831 817.0 
0.2831 818.0 
0.2832 819.0 
0.2832 820.0 
0.2832 821.0 
0.2832 822.0 
0.2832 823.0 
0.2832 824.0 
0.2832 825.0 
0.2832 826.0 
0.2832 827.0 
0.2832 828.0 
0.2832 829.0 
0.2832 830.0 
0.2832 831.0 
0.2832 832.0 
0.2832 833.0 
0.2832 834.0 
0.2832 835.0 
0.2832 836.0 
0.2832 837.0 
0.2832 838.0 
0.2832 839.0 
0.2832 840.0 
0.2833 841.0 
0.2833 842.0 
0.2833 843.0 
0.2833 844.0 
0.2833 845.0 
0.2833 846.0 
0.2833 847.0 
0.2833 848.0 
0.2833 849.0 
0.2833 850.0 
0.2833 851.0 
0.2833 852.0 
0.2833 853.0 
0.2833 854.0 
0.2833 855.0 
0.2833 856.0 
0.2833 857.0 
0.2833 858.0 
0.2833 859.0 
0.2833 860.0 
0.2833 861.0 
0.2833 862.0 
0.2834 863.0 
0.2834 864.0 
0.2834 865.0 
0.2834 866.0 
0.2834 867.0 
0.2834 868.0 
0.2834 869.0 
0.2834 870.0 
0.2834 871.0 
0.2834 872.0 
0.2834 873.0 
0.2834 874.0 
0.2834 875.0 
0.2834 876.0 
0.2834 877.0 
0.2834 878.0 
0.2834 879.0 
0.2834 880.0 
0.2834 881.0 
0.2834 882.0 
0.2834 883.0 
0.2834 884.0 
0.2835 885.0 
0.2835 886.0 
0.2835 887.0 
0.2835 888.0 
0.2835 889.0 
0.2835 890.0 
0.2835 891.0 
0.2835 892.0 
0.2835 893.0 
0.2835 894.0 
0.2835 895.0 
0.2835 896.0 
0.2835 897.0 
0.2835 898.0 
0.2835 899.0 
0.2835 900.0 
0.2835 901.0 
0.2835 902.0 
0.2835 903.0 
0.2836 904.0 
0.2836 905.0 
0.2836 906.0 
0.2836 907.0 
0.2836 908.0 
0.2836 909.0 
0.2836 910.0 
0.2836 911.0 
0.2836 912.0 
0.2836 913.0 
0.2836 914.0 
0.2837 915.0 
0.2837 916.0 
0.2837 917.0 
0.2837 918.0 
0.2837 919.0 
0.2837 920.0 
0.2837 921.0 
0.2837 922.0 
0.2837 923.0 
0.2837 924.0 
0.2838 925.0 
0.2838 926.0 
0.2838 927.0 
0.2838 928.0 
0.2838 929.0 
0.2838 930.0 
0.2838 931.0 
0.2838 932.0 
0.2838 933.0 
0.2838 934.0 
0.2838 935.0 
0.2839 936.0 
0.2839 937.0 
0.2839 938.0 
0.2839 939.0 
0.2839 940.0 
0.2839 941.0 
0.2839 942.0 
0.2839 943.0 
0.2839 944.0 
0.2839 945.0 
0.2840 946.0 
0.2840 947.0 
0.2840 948.0 
0.2840 949.0 
0.2840 950.0 
0.2840 951.0 
0.2840 952.0 
0.2840 953.0 
0.2840 954.0 
0.2840 955.0 
0.2841 956.0 
0.2841 957.0 
0.2841 958.0 
0.2841 959.0 
0.2841 960.0 
0.2841 961.0 
0.2841 962.0 
0.2841 963.0 
0.2841 964.0 
0.2841 965.0 
0.2841 966.0 
0.2842 967.0 
0.2842 968.0 
0.2842 969.0 
0.2842 970.0 
0.2842 971.0 
0.2842 972.0 
0.2842 973.0 
0.2842 974.0 
0.2842 975.0 
0.2842 976.0 
0.2843 977.0 
0.2843 978.0 
0.2843 979.0 
0.2843 980.0 
0.2843 981.0 
0.2843 982.0 
0.2843 983.0 
0.2843 984.0 
0.2843 985.0 
0.2843 986.0 
0.2843 987.0 
0.2844 988.0 
0.2844 989.0 
0.2844 990.0 
0.2844 991.0 
0.2844 992.0 
0.2844 993.0 
0.2844 994.0 
0.2844 995.0 
0.2844 996.0 
0.2844 997.0 
0.2845 998.0 
0.2845 999.0 
0.2845 1000.0 
0.2845 1001.0 
0.2845 1002.0 
0.2845 1003.0 
0.2845 1004.0 
0.2845 1005.0 
0.2845 1006.0 
0.2845 1007.0 
0.2845 1008.0 
0.2846 1009.0 
0.2846 1010.0 
0.2846 1011.0 
0.2846 1012.0 
0.2846 1013.0 
0.2846 1014.0 
0.2846 1015.0 
0.2846 1016.0 
0.2846 1017.0 
0.2846 1018.0 
0.2847 1019.0 
0.2847 1020.0 
0.2847 1021.0 
0.2847 1022.0 
0.2847 1023.0 
0.2847 1024.0 
0.2847 1025.0 
0.2847 1026.0 
0.2847 1027.0 
0.2847 1028.0 
0.2848 1029.0 
0.2848 1030.0 
0.2847 1031.0 
0.2847 1032.0 
0.2847 1033.0 
0.2847 1034.0 
0.2847 1035.0 
0.2847 1036.0 
0.2846 1037.0 
0.2846 1038.0 
0.2846 1039.0 
0.2846 1040.0 
0.2846 1041.0 
0.2846 1042.0 
0.2846 1043.0 
0.2845 1044.0 
0.2845 1045.0 
0.2845 1046.0 
0.2845 1047.0 
0.2845 1048.0 
0.2845 1049.0 
0.2845 1050.0 
0.2844 1051.0 
0.2844 1052.0 
0.2844 1053.0 
0.2844 1054.0 
0.2844 1055.0 
0.2844 1056.0 
0.2843 1057.0 
0.2843 1058.0 
0.2843 1059.0 
0.2843 1060.0 
0.2843 1061.0 
0.2843 1062.0 
0.2843 1063.0 
0.2842 1064.0 
0.2842 1065.0 
0.2842 1066.0 
0.2842 1067.0 
0.2842 1068.0 
0.2842 1069.0 
0.2842 1070.0 
0.2841 1071.0 
0.2841 1072.0 
0.2841 1073.0 
0.2841 1074.0 
0.2841 1075.0 
0.2841 1076.0 
0.2840 1077.0 
0.2840 1078.0 
0.2840 1079.0 
0.2840 1080.0 
0.2840 1081.0 
0.2840 1082.0 
0.2840 1083.0 
0.2839 1084.0 
0.2839 1085.0 
0.2839 1086.0 
0.2839 1087.0 
0.2839 1088.0 
0.2839 1089.0 
0.2839 1090.0 
0.2838 1091.0 
0.2838 1092.0 
0.2838 1093.0 
0.2838 1094.0 
0.2838 1095.0 
0.2838 1096.0 
0.2838 1097.0 
0.2837 1098.0 
0.2837 1099.0 
0.2837 1100.0 
0.2837 1101.0 
0.2837 1102.0 
0.2837 1103.0 
0.2836 1104.0 
0.2836 1105.0 
0.2836 1106.0 
0.2836 1107.0 
0.2836 1108.0 
0.2836 1109.0 
0.2836 1110.0 
0.2835 1111.0 
0.2835 1112.0 
0.2835 1113.0 
0.2835 1114.0 
0.2835 1115.0 
0.2835 1116.0 
0.2835 1117.0 
0.2834 1118.0 
0.2834 1119.0 
0.2834 1120.0 
0.2834 1121.0 
0.2834 1122.0 
0.2834 1123.0 
0.2833 1124.0 
0.2833 1125.0 
0.2833 1126.0 
0.2833 1127.0 
0.2833 1128.0 
0.2833 1129.0 
0.2833 1130.0 
0.2832 1131.0 
0.2832 1132.0 
0.2832 1133.0 
0.2832 1134.0 
0.2832 1135.0 
0.2832 1136.0 
0.2832 1137.0 
0.2831 1138.0 
0.2831 1139.0 
0.2831 1140.0 
0.2831 1141.0 
0.2831 1142.0 
0.2831 1143.0 
0.2831 1144.0 
0.2830 1145.0 
0.2830 1146.0 
0.2830 1147.0 
0.2830 1148.0 
0.2830 1149.0 
0.2830 1150.0 
0.2829 1151.0 
0.2829 1152.0 
0.2829 1153.0 
0.2829 1154.0 
0.2829 1155.0 
0.2829 1156.0 
0.2829 1157.0 
0.2828 1158.0 
0.2828 1159.0 
0.2828 1160.0 
0.2828 1161.0 
0.2828 1162.0 
0.2828 1163.0 
0.2828 1164.0 
0.2827 1165.0 
0.2827 1166.0 
0.2827 1167.0 
0.2827 1168.0 
0.2827 1169.0 
0.2827 1170.0 
0.2827 1171.0 
0.2826 1172.0 
0.2826 1173.0 
0.2826 1174.0 
0.2826 1175.0 
0.2826 1176.0 
0.2826 1177.0 
0.2826 1178.0 
0.2825 1179.0 
0.2825 1180.0 
0.2825 1181.0 
0.2825 1182.0 
0.2825 1183.0 
0.2825 1184.0 
0.2825 1185.0 
0.2824 1186.0 
0.2824 1187.0 
0.2824 1188.0 
0.2824 1189.0 
0.2824 1190.0 
0.2824 1191.0 
0.2824 1192.0 
0.2823 1193.0 
0.2823 1194.0 
0.2823 1195.0 
0.2823 1196.0 
0.2823 1197.0 
0.2823 1198.0 
0.2823 1199.0 
0.2822 1200.0 
0.2822 1201.0 
0.2822 1202.0 
0.2822 1203.0 
0.2822 1204.0 
0.2822 1205.0 
0.2822 1206.0 
0.2821 1207.0 
0.2821 1208.0 
0.2821 1209.0 
0.2821 1210.0 
0.2821 1211.0 
0.2821 1212.0 
0.2821 1213.0 
0.2820 1214.0 
0.2820 1215.0 
0.2820 1216.0 
0.2820 1217.0 
0.2820 1218.0 
0.2820 1219.0 
0.2820 1220.0 
0.2819 1221.0 
0.2819 1222.0 
0.2819 1223.0 
0.2819 1224.0 
0.2819 1225.0 
0.2819 1226.0 
0.2819 1227.0 
0.2818 1228.0 
0.2818 1229.0 
0.2818 1230.0 
0.2818 1231.0 
0.2818 1232.0 
0.2818 1233.0 
0.2818 1234.0 
0.2817 1235.0 
0.2817 1236.0 
0.2817 1237.0 
0.2817 1238.0 
0.2817 1239.0 
0.2817 1240.0 
0.2817 1241.0 
0.2816 1242.0 
0.2816 1243.0 
0.2816 1244.0 
0.2816 1245.0 
0.2816 1246.0 
0.2816 1247.0 
0.2816 1248.0 
0.2815 1249.0 
0.2815 1250.0 
0.2815 1251.0 
0.2815 1252.0 
0.2815 1253.0 
0.2815 1254.0 
0.2815 1255.0 
0.2814 1256.0 
0.2814 1257.0 
0.2814 1258.0 
0.2814 1259.0 
0.2814 1260.0 
0.2814 1261.0 
0.2814 1262.0 
0.2813 1263.0 
0.2813 1264.0 
0.2813 1265.0 
0.2813 1266.0 
0.2813 1267.0 
0.2813 1268.0 
0.2813 1269.0 
0.2812 1270.0 
0.2812 1271.0 
0.2812 1272.0 
0.2812 1273.0 
0.2812 1274.0 
0.2812 1275.0 
0.2812 1276.0 
0.2811 1277.0 
0.2811 1278.0 
0.2811 1279.0 
0.2811 1280.0 
0.2811 1281.0 
0.2811 1282.0 
0.2811 1283.0 
0.2810 1284.0 
0.2810 1285.0 
0.2810 1286.0 
0.2810 1287.0 
0.2810 1288.0 
0.2810 1289.0 
0.2810 1290.0 
0.2810 1291.0 
0.2809 1292.0 
0.2809 1293.0 
0.2809 1294.0 
0.2809 1295.0 
0.2809 1296.0 
0.2809 1297.0 
0.2809 1298.0 
0.2808 1299.0 
0.2808 1300.0 
0.2808 1301.0 
0.2808 1302.0 
0.2808 1303.0 
0.2808 1304.0 
0.2808 1305.0 
0.2808 1306.0 
0.2807 1307.0 
0.2807 1308.0 
0.2807 1309.0 
0.2807 1310.0 
0.2807 1311.0 
0.2807 1312.0 
0.2807 1313.0 
0.2806 1314.0 
0.2806 1315.0 
0.2806 1316.0 
0.2806 1317.0 
0.2806 1318.0 
0.2806 1319.0 
0.2806 1320.0 
0.2805 1321.0 
0.2805 1322.0 
0.2805 1323.0 
0.2805 1324.0 
0.2805 1325.0 
0.2805 1326.0 
0.2805 1327.0 
0.2805 1328.0 
0.2804 1329.0 
0.2804 1330.0 
0.2804 1331.0 
0.2804 1332.0 
0.2804 1333.0 
0.2804 1334.0 
0.2804 1335.0 
0.2803 1336.0 
0.2803 1337.0 
0.2803 1338.0 
0.2803 1339.0 
0.2803 1340.0 
0.2803 1341.0 
0.2803 1342.0 
0.2803 1343.0 
0.2802 1344.0 
0.2802 1345.0 
0.2802 1346.0 
0.2802 1347.0 
0.2802 1348.0 
0.2802 1349.0 
0.2802 1350.0 
0.2801 1351.0 
0.2801 1352.0 
0.2801 1353.0 
0.2801 1354.0 
0.2801 1355.0 
0.2801 1356.0 
0.2801 1357.0 
0.2801 1358.0 
0.2800 1359.0 
0.2800 1360.0 
0.2800 1361.0 
0.2800 1362.0 
0.2800 1363.0 
0.2800 1364.0 
0.2800 1365.0 
0.2799 1366.0 
0.2799 1367.0 
0.2799 1368.0 
0.2799 1369.0 
0.2799 1370.0 
0.2799 1371.0 
0.2799 1372.0 
0.2799 1373.0 
0.2798 1374.0 
0.2798 1375.0 
0.2798 1376.0 
0.2798 1377.0 
0.2798 1378.0 
0.2798 1379.0 
0.2798 1380.0 
0.2797 1381.0 
0.2797 1382.0 
0.2797 1383.0 
0.2797 1384.0 
0.2797 1385.0 
0.2797 1386.0 
0.2797 1387.0 
0.2797 1388.0 
0.2796 1389.0 
0.2796 1390.0 
0.2796 1391.0 
0.2796 1392.0 
0.2796 1393.0 
0.2796 1394.0 
0.2796 1395.0 
0.2795 1396.0 
0.2795 1397.0 
0.2795 1398.0 
0.2795 1399.0 
0.2795 1400.0 
0.2795 1401.0 
0.2795 1402.0 
0.2795 1403.0 
0.2794 1404.0 
0.2794 1405.0 
0.2794 1406.0 
0.2794 1407.0 
0.2794 1408.0 
0.2794 1409.0 
0.2793 1410.0 
0.2793 1411.0 
0.2793 1412.0 
0.2793 1413.0 
0.2792 1414.0 
0.2792 1415.0 
0.2792 1416.0 
0.2792 1417.0 
0.2792 1418.0 
0.2791 1419.0 
0.2791 1420.0 
0.2791 1421.0 
0.2791 1422.0 
0.2790 1423.0 
0.2790 1424.0 
0.2790 1425.0 
0.2790 1426.0 
0.2790 1427.0 
0.2789 1428.0 
0.2789 1429.0 
0.2789 1430.0 
0.2789 1431.0 
0.2788 1432.0 
0.2788 1433.0 
0.2788 1434.0 
0.2788 1435.0 
0.2788 1436.0 
0.2787 1437.0 
0.2787 1438.0 
0.2787 1439.0 
0.2787 1440.0 
0.2786 1441.0 
0.2786 1442.0 
0.2786 1443.0 
0.2786 1444.0 
0.2786 1445.0 
0.2785 1446.0 
0.2785 1447.0 
0.2785 1448.0 
0.2785 1449.0 
0.2784 1450.0 
0.2784 1451.0 
0.2784 1452.0 
0.2784 1453.0 
0.2784 1454.0 
0.2783 1455.0 
0.2783 1456.0 
0.2783 1457.0 
0.2783 1458.0 
0.2782 1459.0 
0.2782 1460.0 
0.2782 1461.0 
0.2782 1462.0 
0.2782 1463.0 
0.2781 1464.0 
0.2781 1465.0 
0.2781 1466.0 
0.2781 1467.0 
0.2781 1468.0 
0.2780 1469.0 
0.2780 1470.0 
0.2780 1471.0 
0.2780 1472.0 
0.2779 1473.0 
0.2779 1474.0 
0.2779 1475.0 
0.2779 1476.0 
0.2779 1477.0 
0.2778 1478.0 
0.2778 1479.0 
0.2778 1480.0 
0.2778 1481.0 
0.2777 1482.0 
0.2777 1483.0 
0.2777 1484.0 
0.2777 1485.0 
0.2777 1486.0 
0.2776 1487.0 
0.2776 1488.0 
0.2776 1489.0 
0.2776 1490.0 
0.2775 1491.0 
0.2775 1492.0 
0.2775 1493.0 
0.2775 1494.0 
0.2775 1495.0 
0.2774 1496.0 
0.2774 1497.0 
0.2774 1498.0 
0.2774 1499.0 
0.2773 1500.0 
0.2773 1501.0 
0.2773 1502.0 
0.2773 1503.0 
0.2773 1504.0 
0.2772 1505.0 
0.2772 1506.0 
0.2772 1507.0 
0.2772 1508.0 
0.2771 1509.0 
0.2771 1510.0 
0.2771 1511.0 
0.2771 1512.0 
0.2771 1513.0 
0.2770 1514.0 
0.2770 1515.0 
0.2770 1516.0 
0.2770 1517.0 
0.2769 1518.0 
0.2769 1519.0 
0.2769 1520.0 
0.2769 1521.0 
0.2769 1522.0 
0.2768 1523.0 
0.2768 1524.0 
0.2768 1525.0 
0.2768 1526.0 
0.2767 1527.0 
0.2767 1528.0 
0.2767 1529.0 
0.2767 1530.0 
0.2767 1531.0 
0.2766 1532.0 
0.2766 1533.0 
0.2766 1534.0 
0.2766 1535.0 
0.2766 1536.0 
0.2765 1537.0 
0.2765 1538.0 
0.2765 1539.0 
0.2765 1540.0 
0.2764 1541.0 
0.2764 1542.0 
0.2764 1543.0 
0.2764 1544.0 
0.2764 1545.0 
0.2763 1546.0 
0.2763 1547.0 
0.2763 1548.0 
0.2763 1549.0 
0.2762 1550.0 
0.2762 1551.0 
0.2762 1552.0 
0.2762 1553.0 
0.2762 1554.0 
0.2761 1555.0 
0.2761 1556.0 
0.2761 1557.0 
0.2761 1558.0 
0.2760 1559.0 
0.2760 1560.0 
0.2760 1561.0 
0.2760 1562.0 
0.2760 1563.0 
0.2759 1564.0 
0.2759 1565.0 
0.2759 1566.0 
0.2759 1567.0 
0.2758 1568.0 
0.2758 1569.0 
0.2758 1570.0 
0.2758 1571.0 
0.2758 1572.0 
0.2757 1573.0 
0.2757 1574.0 
0.2757 1575.0 
0.2757 1576.0 
0.2756 1577.0 
0.2756 1578.0 
0.2756 1579.0 
0.2756 1580.0 
0.2755 1581.0 
0.2755 1582.0 
0.2755 1583.0 
0.2755 1584.0 
0.2755 1585.0 
0.2754 1586.0 
0.2754 1587.0 
0.2754 1588.0 
0.2754 1589.0 
0.2753 1590.0 
0.2753 1591.0 
0.2753 1592.0 
0.2753 1593.0 
0.2752 1594.0 
0.2752 1595.0 
0.2752 1596.0 
0.2752 1597.0 
0.2752 1598.0 
0.2751 1599.0 
0.2751 1600.0 
0.2751 1601.0 
0.2751 1602.0 
0.2750 1603.0 
0.2750 1604.0 
0.2750 1605.0 
0.2750 1606.0 
0.2749 1607.0 
0.2749 1608.0 
0.2749 1609.0 
0.2749 1610.0 
0.2749 1611.0 
0.2748 1612.0 
0.2748 1613.0 
0.2748 1614.0 
0.2748 1615.0 
0.2747 1616.0 
0.2747 1617.0 
0.2747 1618.0 
0.2747 1619.0 
0.2746 1620.0 
0.2746 1621.0 
0.2746 1622.0 
0.2746 1623.0 
0.2746 1624.0 
0.2745 1625.0 
0.2745 1626.0 
0.2745 1627.0 
0.2745 1628.0 
0.2744 1629.0 
0.2744 1630.0 
0.2744 1631.0 
0.2744 1632.0 
0.2743 1633.0 
0.2743 1634.0 
0.2743 1635.0 
0.2743 1636.0 
0.2743 1637.0 
0.2742 1638.0 
0.2742 1639.0 
0.2742 1640.0 
0.2742 1641.0 
0.2741 1642.0 
0.2741 1643.0 
0.2741 1644.0 
0.2741 1645.0 
0.2740 1646.0 
0.2740 1647.0 
0.2740 1648.0 
0.2740 1649.0 
0.2739 1650.0 
0.2739 1651.0 
0.2739 1652.0 
0.2739 1653.0 
0.2739 1654.0 
0.2738 1655.0 
0.2738 1656.0 
0.2738 1657.0 
0.2738 1658.0 
0.2737 1659.0 
0.2737 1660.0 
0.2737 1661.0 
0.2737 1662.0 
0.2736 1663.0 
0.2736 1664.0 
0.2736 1665.0 
0.2736 1666.0 
0.2736 1667.0 
0.2735 1668.0 
0.2735 1669.0 
0.2735 1670.0 
0.2735 1671.0 
0.2734 1672.0 
0.2734 1673.0 
0.2734 1674.0 
0.2734 1675.0 
0.2733 1676.0 
0.2733 1677.0 
0.2733 1678.0 
0.2733 1679.0 
0.2733 1680.0 
0.2732 1681.0 
0.2732 1682.0 
0.2732 1683.0 
0.2732 1684.0 
0.2731 1685.0 
0.2731 1686.0 
0.2731 1687.0 
0.2731 1688.0 
0.2730 1689.0 
0.2730 1690.0 
0.2730 1691.0 
0.2730 1692.0 
0.2730 1693.0 
0.2729 1694.0 
0.2729 1695.0 
0.2729 1696.0 
0.2729 1697.0 
0.2728 1698.0 
0.2728 1699.0 
0.2728 1700.0 
0.2728 1701.0 
0.2727 1702.0 
0.2727 1703.0 
0.2727 1704.0 
0.2727 1705.0 
0.2727 1706.0 
0.2726 1707.0 
0.2726 1708.0 
0.2726 1709.0 
0.2726 1710.0 
0.2725 1711.0 
0.2725 1712.0 
0.2725 1713.0 
0.2725 1714.0 
0.2724 1715.0 
0.2724 1716.0 
0.2724 1717.0 
0.2724 1718.0 
0.2724 1719.0 
0.2723 1720.0 
0.2723 1721.0 
0.2723 1722.0 
0.2723 1723.0 
0.2723 1724.0 
0.2722 1725.0 
0.2722 1726.0 
0.2722 1727.0 
0.2722 1728.0 
0.2721 1729.0 
0.2721 1730.0 
0.2721 1731.0 
0.2721 1732.0 
0.2721 1733.0 
0.2720 1734.0 
0.2720 1735.0 
0.2720 1736.0 
0.2720 1737.0 
0.2720 1738.0 
0.2719 1739.0 
0.2719 1740.0 
0.2719 1741.0 
0.2719 1742.0 
0.2718 1743.0 
0.2718 1744.0 
0.2718 1745.0 
0.2718 1746.0 
0.2718 1747.0 
0.2717 1748.0 
0.2717 1749.0 
0.2717 1750.0 
0.2717 1751.0 
0.2716 1752.0 
0.2716 1753.0 
0.2716 1754.0 
0.2716 1755.0 
0.2716 1756.0 
0.2715 1757.0 
0.2715 1758.0 
0.2715 1759.0 
0.2715 1760.0 
0.2715 1761.0 
0.2714 1762.0 
0.2714 1763.0 
0.2714 1764.0 
0.2714 1765.0 
0.2713 1766.0 
0.2713 1767.0 
0.2713 1768.0 
0.2713 1769.0 
0.2713 1770.0 
0.2712 1771.0 
0.2712 1772.0 
0.2712 1773.0 
0.2712 1774.0 
0.2712 1775.0 
0.2711 1776.0 
0.2711 1777.0 
0.2711 1778.0 
0.2711 1779.0 
0.2710 1780.0 
0.2710 1781.0 
0.2710 1782.0 
0.2710 1783.0 
0.2710 1784.0 
0.2709 1785.0 
0.2709 1786.0 
0.2709 1787.0 
0.2709 1788.0 
0.2709 1789.0 
0.2708 1790.0 
0.2708 1791.0 
0.2708 1792.0 
0.2708 1793.0 
0.2707 1794.0 
0.2707 1795.0 
0.2707 1796.0 
0.2707 1797.0 
0.2707 1798.0 
0.2706 1799.0 
0.2706 1800.0 
0.2706 1801.0 
0.2706 1802.0 
0.2706 1803.0 
0.2705 1804.0 
0.2705 1805.0 
0.2705 1806.0 
0.2705 1807.0 
0.2704 1808.0 
0.2704 1809.0 
0.2704 1810.0 
0.2704 1811.0 
0.2704 1812.0 
0.2703 1813.0 
0.2703 1814.0 
0.2703 1815.0 
0.2703 1816.0 
0.2703 1817.0 
0.2702 1818.0 
0.2702 1819.0 
0.2702 1820.0 
0.2702 1821.0 
0.2701 1822.0 
0.2701 1823.0 
0.2701 1824.0 
0.2701 1825.0 
0.2701 1826.0 
0.2700 1827.0 
0.2700 1828.0 
0.2700 1829.0 
0.2700 1830.0 
0.2700 1831.0 
0.2699 1832.0 
0.2699 1833.0 
0.2699 1834.0 
0.2699 1835.0 
0.2698 1836.0 
0.2698 1837.0 
0.2698 1838.0 
0.2698 1839.0 
0.2698 1840.0 
0.2697 1841.0 
0.2697 1842.0 
0.2697 1843.0 
0.2697 1844.0 
0.2697 1845.0 
0.2696 1846.0 
0.2696 1847.0 
0.2696 1848.0 
0.2696 1849.0 
0.2695 1850.0 
0.2695 1851.0 
0.2695 1852.0 
0.2695 1853.0 
0.2695 1854.0 
0.2694 1855.0 
0.2694 1856.0 
0.2694 1857.0 
0.2694 1858.0 
0.2694 1859.0 
0.2693 1860.0 
0.2693 1861.0 
0.2693 1862.0 
0.2693 1863.0 
0.2692 1864.0 
0.2692 1865.0 
0.2692 1866.0 
0.2692 1867.0 
0.2692 1868.0 
0.2691 1869.0 
0.2691 1870.0 
0.2691 1871.0 
0.2691 1872.0 
0.2691 1873.0 
0.2690 1874.0 
0.2690 1875.0 
0.2690 1876.0 
0.2690 1877.0 
0.2689 1878.0 
0.2689 1879.0 
0.2689 1880.0 
0.2689 1881.0 
0.2689 1882.0 
0.2688 1883.0 
0.2688 1884.0 
0.2688 1885.0 
0.2688 1886.0 
0.2688 1887.0 
0.2688 1888.0 
0.2688 1889.0 
0.2687 1890.0 
0.2687 1891.0 
0.2687 1892.0 
0.2687 1893.0 
0.2687 1894.0 
0.2687 1895.0 
0.2686 1896.0 
0.2686 1897.0 
0.2686 1898.0 
0.2686 1899.0 
0.2686 1900.0 
0.2686 1901.0 
0.2686 1902.0 
0.2685 1903.0 
0.2685 1904.0 
0.2685 1905.0 
0.2685 1906.0 
0.2685 1907.0 
0.2685 1908.0 
0.2685 1909.0 
0.2684 1910.0 
0.2684 1911.0 
0.2684 1912.0 
0.2684 1913.0 
0.2684 1914.0 
0.2684 1915.0 
0.2684 1916.0 
0.2683 1917.0 
0.2683 1918.0 
0.2683 1919.0 
0.2683 1920.0 
0.2683 1921.0 
0.2683 1922.0 
0.2683 1923.0 
0.2682 1924.0 
0.2682 1925.0 
0.2682 1926.0 
0.2682 1927.0 
0.2682 1928.0 
0.2682 1929.0 
0.2682 1930.0 
0.2681 1931.0 
0.2681 1932.0 
0.2681 1933.0 
0.2681 1934.0 
0.2681 1935.0 
0.2681 1936.0 
0.2681 1937.0 
0.2680 1938.0 
0.2680 1939.0 
0.2680 1940.0 
0.2680 1941.0 
0.2680 1942.0 
0.2680 1943.0 
0.2679 1944.0 
0.2679 1945.0 
0.2679 1946.0 
0.2679 1947.0 
0.2679 1948.0 
0.2679 1949.0 
0.2679 1950.0 
0.2678 1951.0 
0.2678 1952.0 
0.2678 1953.0 
0.2678 1954.0 
0.2678 1955.0 
0.2678 1956.0 
0.2678 1957.0 
0.2677 1958.0 
0.2677 1959.0 
0.2677 1960.0 
0.2677 1961.0 
0.2677 1962.0 
0.2677 1963.0 
0.2677 1964.0 
0.2676 1965.0 
0.2676 1966.0 
0.2676 1967.0 
0.2676 1968.0 
0.2676 1969.0 
0.2676 1970.0 
0.2676 1971.0 
0.2675 1972.0 
0.2675 1973.0 
0.2675 1974.0 
0.2675 1975.0 
0.2675 1976.0 
0.2675 1977.0 
0.2675 1978.0 
0.2674 1979.0 
0.2674 1980.0 
0.2674 1981.0 
0.2674 1982.0 
0.2674 1983.0 
0.2674 1984.0 
0.2674 1985.0 
0.2673 1986.0 
0.2673 1987.0 
0.2673 1988.0 
0.2673 1989.0 
0.2673 1990.0 
0.2673 1991.0 
0.2672 1992.0 
0.2672 1993.0 
0.2672 1994.0 
0.2672 1995.0 
0.2672 1996.0 
0.2672 1997.0 
0.2672 1998.0 
0.2671 1999.0 
0.2671 2000.0 
0.2671 2001.0 
0.2671 2002.0 
0.2671 2003.0 
0.2671 2004.0 
0.2671 2005.0 
0.2670 2006.0 
0.2670 2007.0 
0.2670 2008.0 
0.2670 2009.0 
0.2670 2010.0 
0.2670 2011.0 
0.2670 2012.0 
0.2669 2013.0 
0.2669 2014.0 
0.2669 2015.0 
0.2669 2016.0 
0.2669 2017.0 
0.2669 2018.0 
0.2669 2019.0 
0.2668 2020.0 
0.2668 2021.0 
0.2668 2022.0 
0.2668 2023.0 
0.2668 2024.0 
0.2668 2025.0 
0.2668 2026.0 
0.2667 2027.0 
0.2667 2028.0 
0.2667 2029.0 
0.2667 2030.0 
0.2667 2031.0 
0.2667 2032.0 
0.2666 2033.0 
0.2666 2034.0 
0.2666 2035.0 
0.2666 2036.0 
0.2666 2037.0 
0.2666 2038.0 
0.2666 2039.0 
0.2665 2040.0 
0.2665 2041.0 
0.2665 2042.0 
0.2665 2043.0 
0.2665 2044.0 
0.2665 2045.0 
0.2665 2046.0 
0.2664 2047.0 
0.2664 2048.0 
0.2664 2049.0 
0.2664 2050.0 
0.2664 2051.0 
0.2664 2052.0 
0.2664 2053.0 
0.2663 2054.0 
0.2663 2055.0 
0.2663 2056.0 
0.2663 2057.0 
0.2663 2058.0 
0.2662 2059.0 
0.2662 2060.0 
0.2662 2061.0 
0.2662 2062.0 
0.2661 2063.0 
0.2661 2064.0 
0.2661 2065.0 
0.2661 2066.0 
0.2661 2067.0 
0.2660 2068.0 
0.2660 2069.0 
0.2660 2070.0 
0.2660 2071.0 
0.2660 2072.0 
0.2659 2073.0 
0.2659 2074.0 
0.2659 2075.0 
0.2659 2076.0 
0.2658 2077.0 
0.2658 2078.0 
0.2658 2079.0 
0.2658 2080.0 
0.2658 2081.0 
0.2657 2082.0 
0.2657 2083.0 
0.2657 2084.0 
0.2657 2085.0 
0.2656 2086.0 
0.2656 2087.0 
0.2656 2088.0 
0.2656 2089.0 
0.2656 2090.0 
0.2655 2091.0 
0.2655 2092.0 
0.2655 2093.0 
0.2655 2094.0 
0.2655 2095.0 
0.2654 2096.0 
0.2654 2097.0 
0.2654 2098.0 
0.2654 2099.0 
0.2653 2100.0 
0.2653 2101.0 
0.2653 2102.0 
0.2653 2103.0 
0.2653 2104.0 
0.2652 2105.0 
0.2652 2106.0 
0.2652 2107.0 
0.2652 2108.0 
0.2651 2109.0 
0.2651 2110.0 
0.2651 2111.0 
0.2651 2112.0 
0.2651 2113.0 
0.2650 2114.0 
0.2650 2115.0 
0.2650 2116.0 
0.2650 2117.0 
0.2650 2118.0 
0.2649 2119.0 
0.2649 2120.0 
0.2649 2121.0 
0.2649 2122.0 
0.2648 2123.0 
0.2648 2124.0 
0.2648 2125.0 
0.2648 2126.0 
0.2648 2127.0 
0.2647 2128.0 
0.2647 2129.0 
0.2647 2130.0 
0.2647 2131.0 
0.2646 2132.0 
0.2646 2133.0 
0.2646 2134.0 
0.2646 2135.0 
0.2646 2136.0 
0.2645 2137.0 
0.2645 2138.0 
0.2645 2139.0 
0.2645 2140.0 
0.2645 2141.0 
0.2644 2142.0 
0.2644 2143.0 
0.2644 2144.0 
0.2644 2145.0 
0.2643 2146.0 
0.2643 2147.0 
0.2643 2148.0 
0.2643 2149.0 
0.2643 2150.0 
0.2642 2151.0 
0.2642 2152.0 
0.2642 2153.0 
0.2642 2154.0 
0.2641 2155.0 
0.2641 2156.0 
0.2641 2157.0 
0.2641 2158.0 
0.2641 2159.0 
0.2640 2160.0 
0.2640 2161.0 
0.2640 2162.0 
0.2640 2163.0 
0.2640 2164.0 
0.2639 2165.0 
0.2639 2166.0 
0.2639 2167.0 
0.2639 2168.0 
0.2638 2169.0 
0.2638 2170.0 
0.2638 2171.0 
0.2638 2172.0 
0.2638 2173.0 
0.2637 2174.0 
0.2637 2175.0 
0.2637 2176.0 
0.2637 2177.0 
0.2636 2178.0 
0.2636 2179.0 
0.2636 2180.0 
0.2636 2181.0 
0.2636 2182.0 
0.2635 2183.0 
0.2635 2184.0 
0.2635 2185.0 
0.2635 2186.0 
0.2634 2187.0 
0.2634 2188.0 
0.2634 2189.0 
0.2634 2190.0 
0.2634 2191.0 
0.2633 2192.0 
0.2633 2193.0 
0.2633 2194.0 
0.2633 2195.0 
0.2633 2196.0 
0.2632 2197.0 
0.2632 2198.0 
0.2632 2199.0 
0.2632 2200.0 
0.2631 2201.0 
0.2631 2202.0 
0.2631 2203.0 
0.2631 2204.0 
0.2631 2205.0 
0.2630 2206.0 
0.2630 2207.0 
0.2630 2208.0 
0.2630 2209.0 
0.2629 2210.0 
0.2629 2211.0 
0.2629 2212.0 
0.2629 2213.0 
0.2629 2214.0 
0.2628 2215.0 
0.2628 2216.0 
0.2628 2217.0 
0.2628 2218.0 
0.2628 2219.0 
0.2627 2220.0 
0.2627 2221.0 
0.2627 2222.0 
0.2627 2223.0 
0.2626 2224.0 
0.2626 2225.0 
0.2626 2226.0 
0.2626 2227.0 
0.2626 2228.0 
0.2625 2229.0 
0.2625 2230.0 
0.2625 2231.0 
0.2625 2232.0 
0.2625 2233.0 
0.2624 2234.0 
0.2624 2235.0 
0.2624 2236.0 
0.2624 2237.0 
0.2624 2238.0 
0.2623 2239.0 
0.2623 2240.0 
0.2623 2241.0 
0.2623 2242.0 
0.2623 2243.0 
0.2622 2244.0 
0.2622 2245.0 
0.2622 2246.0 
0.2622 2247.0 
0.2622 2248.0 
0.2621 2249.0 
0.2621 2250.0 
0.2621 2251.0 
0.2621 2252.0 
0.2621 2253.0 
0.2620 2254.0 
0.2620 2255.0 
0.2620 2256.0 
0.2620 2257.0 
0.2619 2258.0 
0.2619 2259.0 
0.2619 2260.0 
0.2619 2261.0 
0.2619 2262.0 
0.2618 2263.0 
0.2618 2264.0 
0.2618 2265.0 
0.2618 2266.0 
0.2618 2267.0 
0.2617 2268.0 
0.2617 2269.0 
0.2617 2270.0 
0.2617 2271.0 
0.2617 2272.0 
0.2616 2273.0 
0.2616 2274.0 
0.2616 2275.0 
0.2616 2276.0 
0.2616 2277.0 
0.2615 2278.0 
0.2615 2279.0 
0.2615 2280.0 
0.2615 2281.0 
0.2615 2282.0 
0.2614 2283.0 
0.2614 2284.0 
0.2614 2285.0 
0.2614 2286.0 
0.2614 2287.0 
0.2613 2288.0 
0.2613 2289.0 
0.2613 2290.0 
0.2613 2291.0 
0.2612 2292.0 
0.2612 2293.0 
0.2612 2294.0 
0.2612 2295.0 
0.2612 2296.0 
0.2611 2297.0 
0.2611 2298.0 
0.2611 2299.0 
0.2611 2300.0 
0.2611 2301.0 
0.2610 2302.0 
0.2610 2303.0 
0.2610 2304.0 
0.2610 2305.0 
0.2610 2306.0 
0.2609 2307.0 
0.2609 2308.0 
0.2609 2309.0 
0.2609 2310.0 
0.2609 2311.0 
0.2608 2312.0 
0.2608 2313.0 
0.2608 2314.0 
0.2608 2315.0 
0.2608 2316.0 
0.2607 2317.0 
0.2607 2318.0 
0.2607 2319.0 
0.2607 2320.0 
0.2607 2321.0 
0.2606 2322.0 
0.2606 2323.0 
0.2606 2324.0 
0.2606 2325.0 
0.2605 2326.0 
0.2605 2327.0 
0.2605 2328.0 
0.2605 2329.0 
0.2605 2330.0 
0.2604 2331.0 
0.2604 2332.0 
0.2604 2333.0 
0.2604 2334.0 
0.2604 2335.0 
0.2603 2336.0 
0.2603 2337.0 
0.2603 2338.0 
0.2603 2339.0 
0.2603 2340.0 
0.2602 2341.0 
0.2602 2342.0 
0.2602 2343.0 
0.2602 2344.0 
0.2602 2345.0 
0.2601 2346.0 
0.2601 2347.0 
0.2601 2348.0 
0.2601 2349.0 
0.2601 2350.0 
0.2600 2351.0 
0.2600 2352.0 
0.2600 2353.0 
0.2600 2354.0 
0.2599 2355.0 
0.2599 2356.0 
0.2599 2357.0 
0.2599 2358.0 
0.2599 2359.0 
0.2598 2360.0 
0.2598 2361.0 
0.2598 2362.0 
0.2598 2363.0 
0.2598 2364.0 
0.2597 2365.0 
0.2597 2366.0 
0.2597 2367.0 
0.2597 2368.0 
0.2597 2369.0 
0.2596 2370.0 
0.2596 2371.0 
0.2596 2372.0 
0.2596 2373.0 
0.2596 2374.0 
0.2595 2375.0 
0.2595 2376.0 
0.2595 2377.0 
0.2595 2378.0 
0.2595 2379.0 
0.2594 2380.0 
0.2594 2381.0 
0.2594 2382.0 
0.2594 2383.0 
0.2594 2384.0 
0.2593 2385.0 
0.2593 2386.0 
0.2593 2387.0 
0.2593 2388.0 
0.2593 2389.0 
0.2593 2390.0 
0.2592 2391.0 
0.2592 2392.0 
0.2592 2393.0 
0.2592 2394.0 
0.2592 2395.0 
0.2591 2396.0 
0.2591 2397.0 
0.2591 2398.0 
0.2591 2399.0 
0.2591 2400.0 
0.2591 2401.0 
0.2590 2402.0 
0.2590 2403.0 
0.2590 2404.0 
0.2590 2405.0 
0.2590 2406.0 
0.2589 2407.0 
0.2589 2408.0 
0.2589 2409.0 
0.2589 2410.0 
0.2589 2411.0 
0.2589 2412.0 
0.2588 2413.0 
0.2588 2414.0 
0.2588 2415.0 
0.2588 2416.0 
0.2588 2417.0 
0.2587 2418.0 
0.2587 2419.0 
0.2587 2420.0 
0.2587 2421.0 
0.2587 2422.0 
0.2587 2423.0 
0.2586 2424.0 
0.2586 2425.0 
0.2586 2426.0 
0.2586 2427.0 
0.2586 2428.0 
0.2586 2429.0 
0.2585 2430.0 
0.2585 2431.0 
0.2585 2432.0 
0.2585 2433.0 
0.2585 2434.0 
0.2584 2435.0 
0.2584 2436.0 
0.2584 2437.0 
0.2584 2438.0 
0.2584 2439.0 
0.2584 2440.0 
0.2583 2441.0 
0.2583 2442.0 
0.2583 2443.0 
0.2583 2444.0 
0.2583 2445.0 
0.2582 2446.0 
0.2582 2447.0 
0.2582 2448.0 
0.2582 2449.0 
0.2582 2450.0 
0.2582 2451.0 
0.2581 2452.0 
0.2581 2453.0 
0.2581 2454.0 
0.2581 2455.0 
0.2581 2456.0 
0.2580 2457.0 
0.2580 2458.0 
0.2580 2459.0 
0.2580 2460.0 
0.2580 2461.0 
0.2580 2462.0 
0.2579 2463.0 
0.2579 2464.0 
0.2579 2465.0 
0.2579 2466.0 
0.2579 2467.0 
0.2578 2468.0 
0.2578 2469.0 
0.2578 2470.0 
0.2578 2471.0 
0.2578 2472.0 
0.2578 2473.0 
0.2577 2474.0 
0.2577 2475.0 
0.2577 2476.0 
0.2577 2477.0 
0.2577 2478.0 
0.2576 2479.0 
0.2576 2480.0 
0.2576 2481.0 
0.2576 2482.0 
0.2576 2483.0 
0.2576 2484.0 
0.2575 2485.0 
0.2575 2486.0 
0.2575 2487.0 
0.2575 2488.0 
0.2575 2489.0 
0.2574 2490.0 
0.2574 2491.0 
0.2574 2492.0 
0.2574 2493.0 
0.2574 2494.0 
0.2574 2495.0 
0.2573 2496.0 
0.2573 2497.0 
0.2573 2498.0 
0.2573 2499.0 
0.2573 2500.0 
0.2573 2501.0 
0.2572 2502.0 
0.2572 2503.0 
0.2572 2504.0 
0.2572 2505.0 
0.2572 2506.0 
0.2571 2507.0 
0.2571 2508.0 
0.2571 2509.0 
0.2571 2510.0 
0.2571 2511.0 
0.2571 2512.0 
0.2570 2513.0 
0.2570 2514.0 
0.2570 2515.0 
0.2570 2516.0 
0.2570 2517.0 
0.2569 2518.0 
0.2569 2519.0 
0.2569 2520.0 
0.2569 2521.0 
0.2569 2522.0 
0.2569 2523.0 
0.2568 2524.0 
0.2568 2525.0 
0.2568 2526.0 
0.2568 2527.0 
0.2568 2528.0 
0.2567 2529.0 
0.2567 2530.0 
0.2567 2531.0 
0.2567 2532.0 
0.2567 2533.0 
0.2567 2534.0 
0.2566 2535.0 
0.2566 2536.0 
0.2566 2537.0 
0.2566 2538.0 
0.2566 2539.0 
0.2565 2540.0 
0.2565 2541.0 
0.2565 2542.0 
0.2565 2543.0 
0.2565 2544.0 
0.2565 2545.0 
0.2564 2546.0 
0.2564 2547.0 
0.2564 2548.0 
0.2564 2549.0 
0.2564 2550.0 
0.2563 2551.0 
0.2563 2552.0 
0.2563 2553.0 
0.2563 2554.0 
0.2563 2555.0 
0.2563 2556.0 
0.2562 2557.0 
0.2562 2558.0 
0.2562 2559.0 
0.2562 2560.0 
0.2559 2561.0 
0.2557 2562.0 
0.2554 2563.0 
0.2552 2564.0 
0.2549 2565.0 
0.2547 2566.0 
0.2544 2567.0 
0.2541 2568.0 
0.2539 2569.0 
0.2536 2570.0 
0.2534 2571.0 
0.2531 2572.0 
0.2529 2573.0 
0.2526 2574.0 
0.2524 2575.0 
0.2521 2576.0 
0.2519 2577.0 
0.2516 2578.0 
0.2514 2579.0 
0.2511 2580.0 
0.2509 2581.0 
0.2506 2582.0 
0.2503 2583.0 
0.2501 2584.0 
0.2498 2585.0 
0.2496 2586.0 
0.2493 2587.0 
0.2491 2588.0 
0.2488 2589.0 
0.2486 2590.0 
0.2483 2591.0 
0.2481 2592.0 
0.2478 2593.0 
0.2476 2594.0 
0.2473 2595.0 
0.2471 2596.0 
0.2468 2597.0 
0.2466 2598.0 
0.2463 2599.0 
0.2460 2600.0 
0.2458 2601.0 
0.2455 2602.0 
0.2453 2603.0 
0.2450 2604.0 
0.2448 2605.0 
0.2445 2606.0 
0.2443 2607.0 
0.2440 2608.0 
0.2438 2609.0 
0.2435 2610.0 
0.2433 2611.0 
0.2430 2612.0 
0.2428 2613.0 
0.2425 2614.0 
0.2422 2615.0 
0.2420 2616.0 
0.2417 2617.0 
0.2415 2618.0 
0.2412 2619.0 
0.2410 2620.0 
0.2407 2621.0 
0.2405 2622.0 
0.2402 2623.0 
0.2400 2624.0 
0.2397 2625.0 
0.2395 2626.0 
0.2392 2627.0 
0.2390 2628.0 
0.2387 2629.0 
0.2384 2630.0 
0.2382 2631.0 
0.2379 2632.0 
0.2377 2633.0 
0.2374 2634.0 
0.2372 2635.0 
0.2369 2636.0 
0.2367 2637.0 
0.2364 2638.0 
0.2362 2639.0 
0.2359 2640.0 
0.2357 2641.0 
0.2354 2642.0 
0.2352 2643.0 
0.2349 2644.0 
0.2346 2645.0 
0.2344 2646.0 
0.2341 2647.0 
0.2339 2648.0 
0.2336 2649.0 
0.2334 2650.0 
0.2331 2651.0 
0.2329 2652.0 
0.2326 2653.0 
0.2323 2654.0 
0.2320 2655.0 
0.2318 2656.0 
0.2315 2657.0 
0.2312 2658.0 
0.2310 2659.0 
0.2307 2660.0 
0.2304 2661.0 
0.2302 2662.0 
0.2299 2663.0 
0.2296 2664.0 
0.2294 2665.0 
0.2291 2666.0 
0.2288 2667.0 
0.2285 2668.0 
0.2283 2669.0 
0.2280 2670.0 
0.2277 2671.0 
0.2275 2672.0 
0.2272 2673.0 
0.2269 2674.0 
0.2267 2675.0 
0.2264 2676.0 
0.2261 2677.0 
0.2259 2678.0 
0.2256 2679.0 
0.2253 2680.0 
0.2250 2681.0 
0.2248 2682.0 
0.2245 2683.0 
0.2242 2684.0 
0.2240 2685.0 
0.2237 2686.0 
0.2234 2687.0 
0.2232 2688.0 
0.2229 2689.0 
0.2226 2690.0 
0.2223 2691.0 
0.2221 2692.0 
0.2218 2693.0 
0.2215 2694.0 
0.2213 2695.0 
0.2210 2696.0 
0.2207 2697.0 
0.2205 2698.0 
0.2202 2699.0 
0.2199 2700.0 
0.2197 2701.0 
0.2194 2702.0 
0.2191 2703.0 
0.2188 2704.0 
0.2186 2705.0 
0.2183 2706.0 
0.2180 2707.0 
0.2178 2708.0 
0.2175 2709.0 
0.2172 2710.0 
0.2170 2711.0 
0.2167 2712.0 
0.2164 2713.0 
0.2162 2714.0 
0.2159 2715.0 
0.2156 2716.0 
0.2153 2717.0 
0.2151 2718.0 
0.2148 2719.0 
0.2145 2720.0 
0.2143 2721.0 
0.2140 2722.0 
0.2137 2723.0 
0.2133 2724.0 
0.2130 2725.0 
0.2127 2726.0 
0.2123 2727.0 
0.2120 2728.0 
0.2117 2729.0 
0.2114 2730.0 
0.2110 2731.0 
0.2107 2732.0 
0.2104 2733.0 
0.2101 2734.0 
0.2097 2735.0 
0.2094 2736.0 
0.2091 2737.0 
0.2087 2738.0 
0.2084 2739.0 
0.2081 2740.0 
0.2078 2741.0 
0.2074 2742.0 
0.2071 2743.0 
0.2068 2744.0 
0.2065 2745.0 
0.2061 2746.0 
0.2058 2747.0 
0.2055 2748.0 
0.2051 2749.0 
0.2048 2750.0 
0.2045 2751.0 
0.2042 2752.0 
0.2038 2753.0 
0.2035 2754.0 
0.2032 2755.0 
0.2029 2756.0 
0.2025 2757.0 
0.2022 2758.0 
0.2019 2759.0 
0.2015 2760.0 
0.2012 2761.0 
0.2009 2762.0 
0.2006 2763.0 
0.2002 2764.0 
0.1999 2765.0 
0.1996 2766.0 
0.1993 2767.0 
0.1989 2768.0 
0.1986 2769.0 
0.1983 2770.0 
0.1979 2771.0 
0.1976 2772.0 
0.1973 2773.0 
0.1970 2774.0 
0.1966 2775.0 
0.1962 2776.0 
0.1957 2777.0 
0.1951 2778.0 
0.1945 2779.0 
0.1939 2780.0 
0.1933 2781.0 
0.1928 2782.0 
0.1922 2783.0 
0.1916 2784.0 
0.1910 2785.0 
0.1904 2786.0 
0.1898 2787.0 
0.1893 2788.0 
0.1887 2789.0 
0.1881 2790.0 
0.1875 2791.0 
0.1869 2792.0 
0.1864 2793.0 
0.1858 2794.0 
0.1852 2795.0 
0.1846 2796.0 
0.1840 2797.0 
0.1835 2798.0 
0.1829 2799.0 
0.1823 2800.0 
0.1817 2801.0 
0.1811 2802.0 
0.1806 2803.0 
0.1800 2804.0 
0.1794 2805.0 
0.1788 2806.0 
0.1782 2807.0 
0.1777 2808.0 
0.1771 2809.0 
0.1765 2810.0 
0.1759 2811.0 
0.1753 2812.0 
0.1746 2813.0 
0.1735 2814.0 
0.1724 2815.0 
0.1713 2816.0 
0.1702 2817.0 
0.1692 2818.0 
0.1681 2819.0 
0.1670 2820.0 
0.1659 2821.0 
0.1648 2822.0 
0.1637 2823.0 
0.1626 2824.0 
0.1615 2825.0 
0.1604 2826.0 
0.1594 2827.0 
0.1583 2828.0 
0.1572 2829.0 
0.1561 2830.0 
0.1550 2831.0 
0.1539 2832.0 
0.1528 2833.0 
0.1517 2834.0 
0.1507 2835.0 
0.1496 2836.0 
0.1485 2837.0 
0.1478 2838.0 
0.1471 2839.0 
0.1464 2840.0 
0.1457 2841.0 
0.1449 2842.0 
0.1442 2843.0 
0.1435 2844.0 
0.1428 2845.0 
0.1421 2846.0 
0.1414 2847.0 
0.1407 2848.0 
0.1400 2849.0 
0.1393 2850.0 
0.1385 2851.0 
0.1378 2852.0 
0.1371 2853.0 
0.1364 2854.0 
0.1357 2855.0 
0.1350 2856.0 
0.1343 2857.0 
0.1336 2858.0 
0.1328 2859.0 
0.1321 2860.0 
0.1314 2861.0 
0.1307 2862.0 
0.1300 2863.0 
0.1293 2864.0 
0.1286 2865.0 
0.1279 2866.0 
0.1272 2867.0 
0.1264 2868.0 
0.1257 2869.0 
0.1250 2870.0 
0.1243 2871.0 
0.1236 2872.0 
0.1226 2873.0 
0.1216 2874.0 
0.1207 2875.0 
0.1197 2876.0 
0.1187 2877.0 
0.1178 2878.0 
0.1168 2879.0 
0.1159 2880.0 
0.1149 2881.0 
0.1139 2882.0 
0.1130 2883.0 
0.1120 2884.0 
0.1111 2885.0 
0.1101 2886.0 
0.1091 2887.0 
0.1082 2888.0 
0.1072 2889.0 
0.1063 2890.1 
