Blue geotherm from Glisovic et al., 2014, figure 1; Depth(km), Temp(K)
 0.0 330.0 
 2.0 516.2 
 4.0 518.6 
 6.0 521.0 
 8.0 650.7 
10.0 653.1 
12.0 655.5 
14.0 785.1 
16.0 787.5 
18.0 789.9 
20.0 912.5 
22.0 914.9 
24.0 917.3 
26.0 1039.9 
28.0 1042.3 
30.0 1044.7 
32.0 1160.2 
34.0 1162.6 
36.0 1165.0 
38.0 1266.4 
40.0 1268.8 
42.0 1283.5 
44.0 1365.5 
46.0 1367.8 
48.0 1419.3 
50.0 1464.6 
52.0 1466.9 
54.0 1547.1 
56.0 1549.5 
58.0 1551.9 
60.0 1610.9 
62.0 1613.2 
64.0 1615.6 
66.0 1667.5 
68.0 1669.9 
70.0 1672.3 
72.0 1710.0 
74.0 1712.4 
76.0 1714.8 
78.0 1738.4 
80.0 1740.8 
82.0 1743.2 
84.0 1766.8 
86.0 1769.2 
88.0 1771.6 
90.0 1788.1 
92.0 1790.5 
94.0 1792.9 
96.0 1795.3 
98.0 1797.7 
100.0 1800.1 
102.0 1809.5 
104.0 1811.9 
106.0 1814.3 
108.0 1816.7 
110.0 1819.1 
112.0 1821.5 
114.0 1823.9 
116.0 1826.3 
118.0 1828.6 
120.0 1831.0 
122.0 1833.4 
124.0 1835.8 
126.0 1838.2 
128.0 1840.6 
130.0 1843.0 
132.0 1844.4 
134.0 1844.4 
136.0 1844.4 
138.0 1845.5 
140.0 1847.9 
142.0 1850.2 
144.0 1851.5 
146.0 1851.5 
148.0 1851.5 
150.0 1852.7 
152.0 1855.1 
154.0 1857.5 
156.0 1858.6 
158.0 1858.6 
160.0 1858.6 
162.0 1858.6 
164.0 1858.6 
166.0 1858.6 
168.0 1858.6 
170.0 1858.6 
172.0 1858.7 
174.0 1858.7 
176.0 1858.7 
178.0 1858.7 
180.0 1858.7 
182.0 1858.7 
184.0 1858.7 
186.0 1860.4 
188.0 1862.8 
190.0 1865.2 
192.0 1865.8 
194.0 1865.8 
196.0 1865.8 
198.0 1865.8 
200.0 1865.8 
250.0 1872.9 
300.0 1880.1 
350.0 1894.4 
400.0 1908.6 
450.0 1922.8 
500.0 1944.2 
550.0 1958.4 
600.0 1979.7 
650.0 1997.6 
700.0 2015.3 
750.0 2036.6 
800.0 2056.6 
850.0 2073.9 
900.0 2093.5 
950.0 2114.8 
1000.0 2129.0 
1050.0 2150.4 
1100.0 2164.6 
1150.0 2184.9 
1200.0 2200.2 
1250.0 2214.4 
1300.0 2229.8 
1350.0 2242.9 
1400.0 2257.3 
1450.0 2271.4 
1500.0 2285.6 
1550.0 2299.9 
1600.0 2314.1 
1650.0 2321.3 
1700.0 2335.5 
1750.0 2349.8 
1800.0 2364.0 
1850.0 2371.2 
1900.0 2385.4 
1950.0 2399.7 
2000.0 2406.8 
2050.0 2421.1 
2100.0 2429.0 
2150.0 2442.5 
2200.0 2456.7 
2250.0 2471.0 
2300.0 2484.1 
2350.0 2492.4 
2400.0 2506.6 
2450.0 2520.9 
2500.0 2535.1 
2550.0 2549.3 
2600.0 2563.6 
2650.0 2577.8 
2700.0 2592.1 
2702.0 2592.1 
2704.0 2592.1 
2706.0 2599.2 
2708.0 2599.2 
2710.0 2599.2 
2712.0 2599.2 
2714.0 2599.2 
2716.0 2599.2 
2718.0 2599.2 
2720.0 2599.2 
2722.0 2599.2 
2724.0 2599.2 
2726.0 2599.2 
2728.0 2599.2 
2730.0 2599.2 
2732.0 2599.2 
2734.0 2599.6 
2736.0 2602.0 
2738.0 2604.4 
2740.0 2606.3 
2742.0 2606.3 
2744.0 2606.3 
2746.0 2606.3 
2748.0 2606.3 
2750.0 2606.3 
2752.0 2607.0 
2754.0 2609.4 
2756.0 2611.8 
2758.0 2613.4 
2760.0 2613.4 
2762.0 2613.4 
2764.0 2614.2 
2766.0 2616.6 
2768.0 2619.0 
2770.0 2620.5 
2772.0 2620.5 
2774.0 2620.5 
2776.0 2620.5 
2778.0 2620.5 
2780.0 2620.5 
2782.0 2621.6 
2784.0 2624.0 
2786.0 2626.4 
2788.0 2628.8 
2790.0 2631.2 
2792.0 2633.6 
2794.0 2634.7 
2796.0 2634.7 
2798.0 2634.7 
2800.0 2636.0 
2802.0 2638.4 
2804.0 2640.8 
2806.0 2641.8 
2808.0 2641.8 
2810.0 2641.8 
2812.0 2643.3 
2814.0 2645.7 
2816.0 2648.1 
2818.0 2650.5 
2820.0 2652.9 
2822.0 2655.3 
2824.0 2657.6 
2826.0 2660.0 
2828.0 2662.4 
2830.0 2664.8 
2832.0 2667.2 
2834.0 2669.6 
2836.0 2679.1 
2838.0 2681.4 
2840.0 2683.8 
2842.0 2693.3 
2844.0 2695.7 
2846.0 2698.1 
2848.0 2750.0 
2850.0 2752.4 
2852.0 2754.7 
2854.0 2762.2 
2856.0 2762.2 
2858.0 2762.2 
2860.0 2806.7 
2862.0 2809.1 
2864.0 2811.5 
2866.0 2856.3 
2868.0 2858.7 
2870.0 2861.1 
2872.0 2920.1 
2874.0 2922.5 
2876.0 2924.8 
2878.0 2990.9 
2880.0 2993.3 
2882.0 2995.6 
2884.0 3082.9 
2886.0 3085.3 
2888.0 3087.7 
2890.0 3182.0 
2892.0 3184.4 
2894.0 3186.8 
2896.0 3295.2 
2898.0 3297.6 
2900.0 3300.0 
