Scaling between Shear wave perturbation to density perturbation from Simmons et al., 2009
0.151  0.0
0.151  100.0
0.185  100.1
0.185  175.0
0.190  175.1
0.190  250.0
0.195  250.1
0.195  325.0
0.197  325.1
0.197  400.0
0.220  400.1
0.220  525.0
0.185  525.1
0.185  650.0
0.224  650.1
0.224  750.0
0.248  750.1
0.248  850.0
0.245  850.1
0.245  1000.0
0.254  1000.1
0.254  1150.0
0.250  1150.1
0.250  1300.0
0.245  1300.1
0.245  1450.0
0.239  1450.1
0.239  1600.0
0.231  1600.1
0.231  1750.0
0.225  1750.1
0.225  1900.0
0.219  1900.1
0.219  2050.0
0.211  2050.1
0.211  2200.0
0.190  2200.1
0.190  2350.0
0.152  2350.1
0.152  2500.0
0.137  2350.1
0.137  2650.0
0.121  2650.1
0.121  2890.0
0.121  3000.0
