Scaling between Shear wave perturbation to density perturbation from Simmons et al., 2009
0.1508  0
0.1508  102.49669
0.15241  107.59941
0.15403  107.59528
0.15565  107.59114
0.15727  107.58701
0.15889  107.58289
0.1605  107.57876
0.16212  107.57463
0.16374  107.57049
0.16536  107.56636
0.16698  107.56223
0.16859  107.5581
0.17021  107.55397
0.17183  107.54983
0.17344  107.5457
0.17507  107.54157
0.17668  107.53744
0.1783  107.53331
0.17992  107.52918
0.18154  107.52504
0.18316  107.52091
0.18478  107.51678
0.18638  179.00863
0.188  179.0045
0.18962  179.00037
0.18962  214.74836
0.18961  219.85521
0.18961  224.96207
0.18961  230.06892
0.18961  235.17578
0.18961  240.28263
0.19123  245.38536
0.19123  250.49221
0.19285  250.48808
0.19446  255.5908
0.19446  260.69766
0.19446  265.80452
0.19608  270.90724
0.19608  306.65523
0.19607  311.76209
0.19607  316.86894
0.19607  321.9758
0.19769  327.07852
0.19769  332.18537
0.19931  337.2881
0.19931  342.39496
0.19931  347.5018
0.19931  352.60867
0.1993  357.71553
0.1993  362.82237
0.1993  367.92924
0.1993  373.03609
0.19768  378.14707
0.19768  383.25394
0.19768  388.36079
0.19768  393.46765
0.1993  398.57037
0.1993  403.67723
0.20092  403.6731
0.20252  403.66896
0.20415  403.66483
0.20577  403.66069
0.20739  403.65656
0.20901  403.65244
0.21063  403.64831
0.21224  403.64417
0.21386  403.64004
0.21548  403.63591
0.2171  403.63178
0.21872  403.62765
0.22033  403.62351
0.22033  408.73037
0.22195  413.83308
0.22195  418.93995
0.22033  424.05094
0.22032  531.29491
0.2187  531.29904
0.21708  531.30317
0.21546  531.3073
0.21384  531.31144
0.21223  531.31557
0.21061  531.3197
0.20899  531.32383
0.20737  531.32796
0.20575  531.33209
0.20414  531.33623
0.20252  531.34036
0.2009  531.34449
0.19928  531.34862
0.19766  531.35275
0.19604  531.35687
0.19443  531.36102
0.19281  531.36514
0.19119  531.36928
0.18957  531.37341
0.18795  531.37754
0.18634  531.38168
0.18472  531.38581
0.18471  628.41607
0.1847  633.52292
0.1847  638.62978
0.1847  643.73663
0.1847  648.84349
0.1847  653.95034
0.18632  659.05307
0.18794  659.04894
0.18956  659.04481
0.19117  659.04067
0.19279  659.03654
0.19441  659.03241
0.19603  659.02828
0.19764  659.02415
0.19926  659.02001
0.20088  659.01588
0.2025  653.9049
0.20412  653.90076
0.20574  653.89663
0.20736  653.8925
0.20896  653.88837
0.21059  653.88424
0.21221  653.8801
0.21383  653.87597
0.21545  653.87184
0.21706  653.86771
0.21868  653.86358
0.2203  653.85945
0.22192  653.85531
0.22354  653.85118
0.22515  653.84704
0.22514  755.98417
0.22352  755.9883
0.22514  755.98417
0.22676  750.87318
0.22676  755.98003
0.22838  755.9759
0.23  755.97177
0.23161  755.96763
0.23323  755.9635
0.23485  755.95938
0.23647  755.95523
0.23809  755.95111
0.2397  755.94698
0.24132  755.94285
0.24294  755.93872
0.24455  755.93458
0.24618  755.93045
0.24779  755.92632
0.24941  755.92219
0.2494  852.95245
0.24778  858.06344
0.24616  863.17442
0.24614  995.95267
0.24776  1001.0554
0.24938  1001.05126
0.24938  1006.15812
0.251  1006.15399
0.25262  1006.14985
0.25423  1011.25258
0.25423  1016.35944
0.25423  1021.46628
0.25423  1026.57315
0.25423  1031.68
0.25423  1036.78686
0.25423  1041.89372
0.25423  1047.00057
0.25585  1052.1033
0.25583  1149.13355
0.25421  1154.24454
0.25259  1159.35553
0.25259  1164.46238
0.25259  1169.56924
0.25259  1174.6761
0.25097  1179.78708
0.25096  1302.35162
0.24934  1307.46261
0.24772  1307.46674
0.2461  1312.57772
0.2461  1317.68458
0.2461  1322.79144
0.2461  1327.89829
0.2461  1333.00515
0.2461  1338.11201
0.2461  1343.21886
0.2461  1348.32572
0.2461  1353.43257
0.2461  1358.53942
0.24609  1363.64629
0.24608  1450.46283
0.24446  1450.46696
0.24285  1455.57795
0.24123  1460.68894
0.2396  1465.79993
0.2396  1470.90678
0.2396  1476.01364
0.24122  1481.11636
0.24121  1573.03977
0.23959  1578.15075
0.23959  1603.68503
0.23797  1603.68916
0.23635  1603.6933
0.23474  1603.69743
0.23312  1608.80842
0.2331  1751.80038
0.23148  1751.80451
0.22986  1756.9155
0.22824  1756.91963
0.22662  1762.03061
0.2266  1899.91571
0.22499  1905.02671
0.22337  1905.03084
0.22175  1905.03497
0.22013  1910.14596
0.22011  2053.13792
0.21849  2053.14205
0.21688  2053.14618
0.21526  2053.15031
0.21364  2058.26129
0.21201  2063.37229
0.21201  2170.61626
0.212  2175.72312
0.212  2201.25739
0.21038  2201.26153
0.20876  2201.26566
0.20715  2201.26979
0.20553  2201.27392
0.20391  2201.27805
0.20229  2201.28217
0.20067  2201.28632
0.19906  2201.29044
0.19744  2201.29458
0.19581  2201.29871
0.1942  2201.30284
0.19258  2201.30698
0.19097  2201.31111
0.18935  2206.42209
0.19096  2211.52482
0.19096  2216.63167
0.19096  2221.73853
0.18934  2226.84952
0.19096  2231.95224
0.19096  2237.0591
0.18934  2242.17008
0.18934  2277.91807
0.19095  2283.0208
0.19095  2349.40992
0.19093  2354.51678
0.18933  2354.52091
0.18771  2354.52504
0.18609  2354.52917
0.18447  2354.53331
0.18285  2354.53744
0.18124  2354.54157
0.17962  2354.5457
0.178  2354.54983
0.17638  2354.55396
0.17476  2354.5581
0.17315  2354.56223
0.17153  2354.56636
0.16991  2354.57049
0.16829  2354.57462
0.16667  2354.57876
0.16505  2354.58289
0.16344  2354.58701
0.16182  2354.59114
0.1602  2354.59528
0.15858  2354.59941
0.15696  2354.60355
0.15534  2354.60768
0.15373  2354.61181
0.15211  2354.61594
0.1521  2461.85991
0.15209  2466.96677
0.15209  2502.71476
0.15046  2502.71889
0.14885  2502.72302
0.14724  2502.72715
0.14562  2502.73128
0.144  2502.73542
0.14238  2502.73955
0.14076  2502.74368
0.13914  2507.85467
0.13753  2512.96566
0.13751  2645.7439
0.13589  2650.85489
0.13427  2650.85902
0.13265  2650.86316
0.13103  2650.86729
0.12942  2650.87142
0.1278  2650.87555
0.12618  2650.87968
0.12456  2650.88381
0.12294  2655.9948
0.12132  2661.10579
0.1213  2875.59372
0.12129  2880.70059
0.12129  2885.80744
0.12129  2890.9143
0.11967  2896.02528
