   1.0e+20   1.2742000e+00
   1.0e+20   7.7726200e+01
   1.0e+20   1.5417820e+02
   1.0e+21   2.3063020e+02
   1.0e+21   3.0708220e+02
   1.0e+21   3.8353420e+02
   1.0e+21   4.5998620e+02
   1.0e+22   5.3643820e+02
   1.0e+22   6.1289020e+02
   1.0e+22   6.8934220e+02
   1.0e+22   7.6579420e+02
   1.0e+22   8.4224620e+02
   1.0e+22   9.1869820e+02
   1.0e+22   9.9515020e+02
   1.0e+22   1.0907152e+03
   1.0e+22   1.1671672e+03
   1.0e+22   1.2436192e+03
   1.0e+22   1.3423697e+03
   1.0e+22   1.4188217e+03
   1.0e+22   1.4920882e+03
   1.0e+22   1.6258792e+03
   1.0e+22   1.7023312e+03
   1.0e+22   1.7819687e+03
   1.0e+23   1.8807192e+03
   1.0e+23   1.9571712e+03
   1.0e+23   2.0463652e+03
   1.0e+23   2.1228172e+03
   1.0e+23   2.2247532e+03
   1.0e+23   2.3012052e+03
   1.0e+22   2.4126977e+03
   1.0e+22   2.5178192e+03
   1.0e+21   2.6898362e+03
   1.0e+21   2.7662882e+03
   1.0e+21   2.8299982e+03
