Depth (m) Viscosity (Pa s)
0 1.8836491e+22
10000 1.8836491e+22
20000 1.8836491e+22
30000 1.8836491e+22
40000 1.8836491e+22
50000 1.8836491e+22
60000 1.8836491e+22
70000 1.8836491e+22
80000 1.8836491e+22
90000 1.8836491e+22
100000 1.9819833e+20
110000 1.9819833e+20
120000 1.9819833e+20
130000 1.9819833e+20
140000 1.9819833e+20
150000 1.9819833e+20
160000 1.9819833e+20
170000 1.9819833e+20
180000 1.9819833e+20
190000 1.9819833e+20
200000 1.9819833e+20
210000 1.9819833e+20
220000 2.4099054e+20
230000 2.4099054e+20
240000 2.4099054e+20
250000 2.4099054e+20
260000 2.4099054e+20
270000 2.4099054e+20
280000 2.4099054e+20
290000 2.4099054e+20
300000 2.4099054e+20
310000 2.4099054e+20
320000 2.4099054e+20
330000 2.4099054e+20
340000 3.5628702e+20
350000 3.5628702e+20
360000 3.5628702e+20
370000 3.5628702e+20
380000 3.5628702e+20
390000 3.5628702e+20
400000 3.5628702e+20
410000 8.6696188e+20
420000 8.6696188e+20
430000 8.6696188e+20
440000 8.6696188e+20
450000 8.6696188e+20
460000 8.6696188e+20
470000 8.6696188e+20
480000 8.6696188e+20
490000 8.6696188e+20
500000 8.6696188e+20
510000 8.6696188e+20
520000 1.3070735e+21
530000 1.3070735e+21
540000 1.3070735e+21
550000 1.3070735e+21
560000 1.3070735e+21
570000 1.3070735e+21
580000 1.3070735e+21
590000 1.3070735e+21
600000 1.3070735e+21
610000 1.3070735e+21
620000 1.3070735e+21
630000 1.3070735e+21
640000 1.3070735e+21
650000 1.3070735e+21
660000 3.6475395e+21
670000 3.6475395e+21
680000 3.6475395e+21
690000 3.6475395e+21
700000 3.6475395e+21
710000 3.6475395e+21
720000 3.6475395e+21
730000 3.6475395e+21
740000 3.6475395e+21
750000 3.6475395e+21
760000 3.6475395e+21
770000 3.6475395e+21
780000 3.6475395e+21
790000 3.6475395e+21
800000 5.9456590e+21
810000 5.9456590e+21
820000 5.9456590e+21
830000 5.9456590e+21
840000 5.9456590e+21
850000 5.9456590e+21
860000 5.9456590e+21
870000 5.9456590e+21
880000 5.9456590e+21
890000 5.9456590e+21
900000 5.9456590e+21
910000 5.9456590e+21
920000 5.9456590e+21
930000 5.9456590e+21
940000 9.4123919e+21
950000 9.4123919e+21
960000 9.4123919e+21
970000 9.4123919e+21
980000 9.4123919e+21
990000 9.4123919e+21
1000000 9.4123919e+21
1010000 9.4123919e+21
1020000 9.4123919e+21
1030000 9.4123919e+21
1040000 9.4123919e+21
1050000 9.4123919e+21
1060000 9.4123919e+21
1070000 9.4123919e+21
1080000 1.3778438e+22
1090000 1.3778438e+22
1100000 1.3778438e+22
1110000 1.3778438e+22
1120000 1.3778438e+22
1130000 1.3778438e+22
1140000 1.3778438e+22
1150000 1.3778438e+22
1160000 1.3778438e+22
1170000 1.3778438e+22
1180000 1.3778438e+22
1190000 1.3778438e+22
1200000 1.3778438e+22
1210000 1.9588447e+22
1220000 1.9588447e+22
1230000 1.9588447e+22
1240000 1.9588447e+22
1250000 1.9588447e+22
1260000 1.9588447e+22
1270000 1.9588447e+22
1280000 1.9588447e+22
1290000 1.9588447e+22
1300000 1.9588447e+22
1310000 1.9588447e+22
1320000 1.9588447e+22
1330000 1.9588447e+22
1340000 1.9588447e+22
1350000 2.6521617e+22
1360000 2.6521617e+22
1370000 2.6521617e+22
1380000 2.6521617e+22
1390000 2.6521617e+22
1400000 2.6521617e+22
1410000 2.6521617e+22
1420000 2.6521617e+22
1430000 2.6521617e+22
1440000 2.6521617e+22
1450000 2.6521617e+22
1460000 2.6521617e+22
1470000 2.6521617e+22
1480000 2.6521617e+22
1490000 3.4865829e+22
1500000 3.4865829e+22
1510000 3.4865829e+22
1520000 3.4865829e+22
1530000 3.4865829e+22
1540000 3.4865829e+22
1550000 3.4865829e+22
1560000 3.4865829e+22
1570000 3.4865829e+22
1580000 3.4865829e+22
1590000 3.4865829e+22
1600000 3.4865829e+22
1610000 3.4865829e+22
1620000 3.4865829e+22
1630000 4.2815399e+22
1640000 4.2815399e+22
1650000 4.2815399e+22
1660000 4.2815399e+22
1670000 4.2815399e+22
1680000 4.2815399e+22
1690000 4.2815399e+22
1700000 4.2815399e+22
1710000 4.2815399e+22
1720000 4.2815399e+22
1730000 4.2815399e+22
1740000 4.2815399e+22
1750000 4.2815399e+22
1760000 4.2815399e+22
1770000 5.2059501e+22
1780000 5.2059501e+22
1790000 5.2059501e+22
1800000 5.2059501e+22
1810000 5.2059501e+22
1820000 5.2059501e+22
1830000 5.2059501e+22
1840000 5.2059501e+22
1850000 5.2059501e+22
1860000 5.2059501e+22
1870000 5.2059501e+22
1880000 5.2059501e+22
1890000 5.2059501e+22
1900000 5.2059501e+22
1910000 5.9689783e+22
1920000 5.9689783e+22
1930000 5.9689783e+22
1940000 5.9689783e+22
1950000 5.9689783e+22
1960000 5.9689783e+22
1970000 5.9689783e+22
1980000 5.9689783e+22
1990000 5.9689783e+22
2000000 5.9689783e+22
2010000 5.9689783e+22
2020000 5.9689783e+22
2030000 5.9689783e+22
2040000 5.9689783e+22
2050000 6.5177845e+22
2060000 6.5177845e+22
2070000 6.5177845e+22
2080000 6.5177845e+22
2090000 6.5177845e+22
2100000 6.5177845e+22
2110000 6.5177845e+22
2120000 6.5177845e+22
2130000 6.5177845e+22
2140000 6.5177845e+22
2150000 6.5177845e+22
2160000 6.5177845e+22
2170000 6.5177845e+22
2180000 6.5177845e+22
2190000 6.9791093e+22
2200000 6.9791093e+22
2210000 6.9791093e+22
2220000 6.9791093e+22
2230000 6.9791093e+22
2240000 6.9791093e+22
2250000 6.9791093e+22
2260000 6.9791093e+22
2270000 6.9791093e+22
2280000 6.9791093e+22
2290000 6.9791093e+22
2300000 6.9791093e+22
2310000 6.9791093e+22
2320000 6.9791093e+22
2330000 6.9791093e+22
2340000 6.9791093e+22
2350000 6.9791093e+22
2360000 6.9791093e+22
2370000 6.9791093e+22
2380000 6.9791093e+22
2390000 6.9791093e+22
2400000 6.9791093e+22
2410000 6.9791093e+22
2420000 6.9791093e+22
2430000 6.9791093e+22
2440000 6.9791093e+22
2450000 6.9791093e+22
2460000 5.6846012e+22
2470000 5.6846012e+22
2480000 5.6846012e+22
2490000 5.6846012e+22
2500000 5.6846012e+22
2510000 5.6846012e+22
2520000 5.6846012e+22
2530000 5.6846012e+22
2540000 5.6846012e+22
2550000 5.6846012e+22
2560000 5.6846012e+22
2570000 5.6846012e+22
2580000 5.6846012e+22
2590000 5.6846012e+22
2600000 5.6846012e+22
2610000 1.3915538e+22
2620000 1.3915538e+22
2630000 1.3915538e+22
2640000 1.3915538e+22
2650000 1.3915538e+22
2660000 1.3915538e+22
2670000 1.3915538e+22
2680000 1.3915538e+22
2690000 1.3915538e+22
2700000 1.3915538e+22
2710000 1.3915538e+22
2720000 1.3915538e+22
2730000 1.3915538e+22
2740000 4.7763924e+20
2750000 4.7763924e+20
2760000 4.7763924e+20
2770000 4.7763924e+20
2780000 4.7763924e+20
2790000 4.7763924e+20
2800000 4.7763924e+20
2810000 4.7763924e+20
2820000 4.7763924e+20
2830000 4.7763924e+20
2840000 4.7763924e+20
2850000 4.7763924e+20
2860000 4.7763924e+20
2870000 4.7763924e+20
2880000 4.7763924e+20
2890000 4.7763924e+20
