Depth (m) Viscosity (Pa s)
0 4.6291366e+22
10000 4.6291366e+22
20000 4.6291366e+22
30000 4.6291366e+22
40000 4.6291366e+22
50000 4.6291366e+22
60000 4.6291366e+22
70000 4.6291366e+22
80000 4.6291366e+22
90000 4.6291366e+22
100000 4.6291366e+22
110000 2.3867119e+20
120000 2.3867119e+20
130000 2.3867119e+20
140000 2.3867119e+20
150000 2.3867119e+20
160000 2.3867119e+20
170000 2.3867119e+20
180000 2.3867119e+20
190000 2.3867119e+20
200000 2.3867119e+20
210000 2.3867119e+20
220000 2.9013492e+20
230000 2.9013492e+20
240000 2.9013492e+20
250000 2.9013492e+20
260000 2.9013492e+20
270000 2.9013492e+20
280000 2.9013492e+20
290000 2.9013492e+20
300000 2.9013492e+20
310000 2.9013492e+20
320000 2.9013492e+20
330000 2.9013492e+20
340000 4.2894341e+20
350000 4.2894341e+20
360000 4.2894341e+20
370000 4.2894341e+20
380000 4.2894341e+20
390000 4.2894341e+20
400000 4.2894341e+20
410000 4.8239189e+20
420000 4.8239189e+20
430000 4.8239189e+20
440000 4.8239189e+20
450000 4.8239189e+20
460000 4.8239189e+20
470000 4.8239189e+20
480000 4.8239189e+20
490000 4.8239189e+20
500000 4.8239189e+20
510000 4.8239189e+20
520000 7.4148095e+20
530000 7.4148095e+20
540000 7.4148095e+20
550000 7.4148095e+20
560000 7.4148095e+20
570000 7.4148095e+20
580000 7.4148095e+20
590000 7.4148095e+20
600000 7.4148095e+20
610000 7.4148095e+20
620000 7.4148095e+20
630000 7.4148095e+20
640000 7.4148095e+20
650000 7.4148095e+20
660000 7.4148095e+20
670000 5.7743087e+21
680000 5.7743087e+21
690000 5.7743087e+21
700000 5.7743087e+21
710000 5.7743087e+21
720000 5.7743087e+21
730000 5.7743087e+21
740000 5.7743087e+21
750000 5.7743087e+21
760000 5.7743087e+21
770000 5.7743087e+21
780000 5.7743087e+21
790000 5.7743087e+21
800000 9.6917008e+21
810000 9.6917008e+21
820000 9.6917008e+21
830000 9.6917008e+21
840000 9.6917008e+21
850000 9.6917008e+21
860000 9.6917008e+21
870000 9.6917008e+21
880000 9.6917008e+21
890000 9.6917008e+21
900000 9.6917008e+21
910000 9.6917008e+21
920000 9.6917008e+21
930000 9.6917008e+21
940000 1.4753668e+22
950000 1.4753668e+22
960000 1.4753668e+22
970000 1.4753668e+22
980000 1.4753668e+22
990000 1.4753668e+22
1000000 1.4753668e+22
1010000 1.4753668e+22
1020000 1.4753668e+22
1030000 1.4753668e+22
1040000 1.4753668e+22
1050000 1.4753668e+22
1060000 1.4753668e+22
1070000 1.4753668e+22
1080000 2.1602300e+22
1090000 2.1602300e+22
1100000 2.1602300e+22
1110000 2.1602300e+22
1120000 2.1602300e+22
1130000 2.1602300e+22
1140000 2.1602300e+22
1150000 2.1602300e+22
1160000 2.1602300e+22
1170000 2.1602300e+22
1180000 2.1602300e+22
1190000 2.1602300e+22
1200000 2.1602300e+22
1210000 2.1602300e+22
1220000 3.1009874e+22
1230000 3.1009874e+22
1240000 3.1009874e+22
1250000 3.1009874e+22
1260000 3.1009874e+22
1270000 3.1009874e+22
1280000 3.1009874e+22
1290000 3.1009874e+22
1300000 3.1009874e+22
1310000 3.1009874e+22
1320000 3.1009874e+22
1330000 3.1009874e+22
1340000 3.1009874e+22
1350000 3.1009874e+22
1360000 4.1571912e+22
1370000 4.1571912e+22
1380000 4.1571912e+22
1390000 4.1571912e+22
1400000 4.1571912e+22
1410000 4.1571912e+22
1420000 4.1571912e+22
1430000 4.1571912e+22
1440000 4.1571912e+22
1450000 4.1571912e+22
1460000 4.1571912e+22
1470000 4.1571912e+22
1480000 4.1571912e+22
1490000 4.1571912e+22
1500000 5.4125261e+22
1510000 5.4125261e+22
1520000 5.4125261e+22
1530000 5.4125261e+22
1540000 5.4125261e+22
1550000 5.4125261e+22
1560000 5.4125261e+22
1570000 5.4125261e+22
1580000 5.4125261e+22
1590000 5.4125261e+22
1600000 5.4125261e+22
1610000 5.4125261e+22
1620000 5.4125261e+22
1630000 5.4125261e+22
1640000 6.7779756e+22
1650000 6.7779756e+22
1660000 6.7779756e+22
1670000 6.7779756e+22
1680000 6.7779756e+22
1690000 6.7779756e+22
1700000 6.7779756e+22
1710000 6.7779756e+22
1720000 6.7779756e+22
1730000 6.7779756e+22
1740000 6.7779756e+22
1750000 6.7779756e+22
1760000 6.7779756e+22
1770000 6.7779756e+22
1780000 8.1601849e+22
1790000 8.1601849e+22
1800000 8.1601849e+22
1810000 8.1601849e+22
1820000 8.1601849e+22
1830000 8.1601849e+22
1840000 8.1601849e+22
1850000 8.1601849e+22
1860000 8.1601849e+22
1870000 8.1601849e+22
1880000 8.1601849e+22
1890000 8.1601849e+22
1900000 8.1601849e+22
1910000 8.1601849e+22
1920000 9.4493079e+22
1930000 9.4493079e+22
1940000 9.4493079e+22
1950000 9.4493079e+22
1960000 9.4493079e+22
1970000 9.4493079e+22
1980000 9.4493079e+22
1990000 9.4493079e+22
2000000 9.4493079e+22
2010000 9.4493079e+22
2020000 9.4493079e+22
2030000 9.4493079e+22
2040000 9.4493079e+22
2050000 1.0318106e+23
2060000 1.0318106e+23
2070000 1.0318106e+23
2080000 1.0318106e+23
2090000 1.0318106e+23
2100000 1.0318106e+23
2110000 1.0318106e+23
2120000 1.0318106e+23
2130000 1.0318106e+23
2140000 1.0318106e+23
2150000 1.0318106e+23
2160000 1.0318106e+23
2170000 1.0318106e+23
2180000 1.0318106e+23
2190000 1.0318106e+23
2200000 1.0939564e+23
2210000 1.0939564e+23
2220000 1.0939564e+23
2230000 1.0939564e+23
2240000 1.0939564e+23
2250000 1.0939564e+23
2260000 1.0939564e+23
2270000 1.0939564e+23
2280000 1.0939564e+23
2290000 1.0939564e+23
2300000 1.0939564e+23
2310000 1.0939564e+23
2320000 1.0939564e+23
2330000 1.0939564e+23
2340000 1.0939564e+23
2350000 1.0939564e+23
2360000 1.0939564e+23
2370000 1.0939564e+23
2380000 1.0939564e+23
2390000 1.0939564e+23
2400000 1.0939564e+23
2410000 1.0939564e+23
2420000 1.0939564e+23
2430000 1.0939564e+23
2440000 1.0939564e+23
2450000 1.0939564e+23
2460000 1.0939564e+23
2470000 1.0939564e+23
2480000 8.8247010e+22
2490000 8.8247010e+22
2500000 8.8247010e+22
2510000 8.8247010e+22
2520000 8.8247010e+22
2530000 8.8247010e+22
2540000 8.8247010e+22
2550000 8.8247010e+22
2560000 8.8247010e+22
2570000 8.8247010e+22
2580000 8.8247010e+22
2590000 8.8247010e+22
2600000 8.8247010e+22
2610000 8.8247010e+22
2620000 2.2029265e+22
2630000 2.2029265e+22
2640000 2.2029265e+22
2650000 2.2029265e+22
2660000 2.2029265e+22
2670000 2.2029265e+22
2680000 2.2029265e+22
2690000 2.2029265e+22
2700000 2.2029265e+22
2710000 2.2029265e+22
2720000 2.2029265e+22
2730000 2.2029265e+22
2740000 2.2029265e+22
2750000 2.2029265e+22
2760000 7.5613615e+20
2770000 7.5613615e+20
2780000 7.5613615e+20
2790000 7.5613615e+20
2800000 7.5613615e+20
2810000 7.5613615e+20
2820000 7.5613615e+20
2830000 7.5613615e+20
2840000 7.5613615e+20
2850000 7.5613615e+20
2860000 7.5613615e+20
2870000 7.5613615e+20
2880000 7.5613615e+20
2890000 7.5613615e+20
