Depth (m) Viscosity (Pa s)
0 1.1103250e+22
10000 1.1103250e+22
20000 1.1103250e+22
30000 8.9565000e+20
40000 8.9565000e+20
50000 8.9565000e+20
60000 8.9565000e+20
70000 8.9565000e+20
80000 1.4442000e+20
90000 1.4442000e+20
100000 1.4442000e+20
110000 1.4442000e+20
120000 1.4442000e+20
130000 1.4442000e+20
140000 1.4442000e+20
150000 1.8031000e+20
160000 1.8031000e+20
170000 1.8031000e+20
180000 1.8031000e+20
190000 1.8031000e+20
200000 1.8031000e+20
210000 1.8031000e+20
220000 2.3154000e+20
230000 2.3154000e+20
240000 2.3154000e+20
250000 2.3154000e+20
260000 2.3154000e+20
270000 2.3154000e+20
280000 2.3154000e+20
290000 2.3154000e+20
300000 3.1768000e+20
310000 3.1768000e+20
320000 3.1768000e+20
330000 3.1768000e+20
340000 3.1768000e+20
350000 3.1768000e+20
360000 3.1768000e+20
370000 3.1768000e+20
380000 3.1768000e+20
390000 3.1768000e+20
400000 4.5946000e+20
410000 4.5946000e+20
420000 4.5946000e+20
430000 4.5946000e+20
440000 4.5946000e+20
450000 4.5946000e+20
460000 4.5946000e+20
470000 4.5946000e+20
480000 4.5946000e+20
490000 7.1879000e+20
500000 7.1879000e+20
510000 7.1879000e+20
520000 7.1879000e+20
530000 7.1879000e+20
540000 7.1879000e+20
550000 7.1879000e+20
560000 7.1879000e+20
570000 7.1879000e+20
580000 7.1879000e+20
590000 7.1879000e+20
600000 7.4490000e+19
610000 7.4490000e+19
620000 7.4490000e+19
630000 7.4490000e+19
640000 7.4490000e+19
650000 7.4490000e+19
660000 7.4490000e+19
670000 1.9180400e+21
680000 1.9180400e+21
690000 1.9180400e+21
700000 1.9180400e+21
710000 1.9180400e+21
720000 1.9180400e+21
730000 1.9180400e+21
740000 1.9180400e+21
750000 1.9180400e+21
760000 1.9180400e+21
770000 1.9180400e+21
780000 1.9180400e+21
790000 1.9180400e+21
800000 1.9180400e+21
810000 1.9180400e+21
820000 1.9180400e+21
830000 4.5473500e+21
840000 4.5473500e+21
850000 4.5473500e+21
860000 4.5473500e+21
870000 4.5473500e+21
880000 4.5473500e+21
890000 4.5473500e+21
900000 4.5473500e+21
910000 4.5473500e+21
920000 4.5473500e+21
930000 4.5473500e+21
940000 4.5473500e+21
950000 4.5473500e+21
960000 4.5473500e+21
970000 4.5473500e+21
980000 4.5473500e+21
990000 4.5473500e+21
1000000 4.5473500e+21
1010000 4.5473500e+21
1020000 9.7365500e+21
1030000 9.7365500e+21
1040000 9.7365500e+21
1050000 9.7365500e+21
1060000 9.7365500e+21
1070000 9.7365500e+21
1080000 9.7365500e+21
1090000 9.7365500e+21
1100000 9.7365500e+21
1110000 9.7365500e+21
1120000 9.7365500e+21
1130000 9.7365500e+21
1140000 9.7365500e+21
1150000 9.7365500e+21
1160000 1.7059570e+22
1170000 1.7059570e+22
1180000 1.7059570e+22
1190000 1.7059570e+22
1200000 1.7059570e+22
1210000 1.7059570e+22
1220000 1.7059570e+22
1230000 1.7059570e+22
1240000 1.7059570e+22
1250000 1.7059570e+22
1260000 1.7059570e+22
1270000 1.7059570e+22
1280000 1.7059570e+22
1290000 1.7059570e+22
1300000 2.7476620e+22
1310000 2.7476620e+22
1320000 2.7476620e+22
1330000 2.7476620e+22
1340000 2.7476620e+22
1350000 2.7476620e+22
1360000 2.7476620e+22
1370000 2.7476620e+22
1380000 2.7476620e+22
1390000 2.7476620e+22
1400000 2.7476620e+22
1410000 2.7476620e+22
1420000 2.7476620e+22
1430000 2.7476620e+22
1440000 3.7908690e+22
1450000 3.7908690e+22
1460000 3.7908690e+22
1470000 3.7908690e+22
1480000 3.7908690e+22
1490000 3.7908690e+22
1500000 3.7908690e+22
1510000 3.7908690e+22
1520000 3.7908690e+22
1530000 3.7908690e+22
1540000 5.8857220e+22
1550000 5.8857220e+22
1560000 5.8857220e+22
1570000 5.8857220e+22
1580000 5.8857220e+22
1590000 5.8857220e+22
1600000 5.8857220e+22
1610000 5.8857220e+22
1620000 5.8857220e+22
1630000 5.8857220e+22
1640000 5.8857220e+22
1650000 5.8857220e+22
1660000 5.8857220e+22
1670000 5.8857220e+22
1680000 2.1992085e+23
1690000 2.1992085e+23
1700000 2.1992085e+23
1710000 2.1992085e+23
1720000 2.1992085e+23
1730000 2.1992085e+23
1740000 2.1992085e+23
1750000 2.1992085e+23
1760000 2.1992085e+23
1770000 2.1992085e+23
1780000 2.1992085e+23
1790000 2.1992085e+23
1800000 2.1992085e+23
1810000 2.1992085e+23
1820000 2.2602779e+23
1830000 2.2602779e+23
1840000 2.2602779e+23
1850000 2.2602779e+23
1860000 2.2602779e+23
1870000 2.2602779e+23
1880000 2.2602779e+23
1890000 2.2602779e+23
1900000 2.2602779e+23
1910000 2.2602779e+23
1920000 2.2602779e+23
1930000 2.2602779e+23
1940000 2.2602779e+23
1950000 2.2602779e+23
1960000 7.5708790e+22
1970000 7.5708790e+22
1980000 7.5708790e+22
1990000 7.5708790e+22
2000000 7.5708790e+22
2010000 7.5708790e+22
2020000 7.5708790e+22
2030000 7.5708790e+22
2040000 7.5708790e+22
2050000 7.5708790e+22
2060000 7.5708790e+22
2070000 7.5708790e+22
2080000 7.5708790e+22
2090000 1.6375700e+22
2100000 1.6375700e+22
2110000 1.6375700e+22
2120000 1.6375700e+22
2130000 1.6375700e+22
2140000 1.6375700e+22
2150000 1.6375700e+22
2160000 1.6375700e+22
2170000 1.6375700e+22
2180000 1.6375700e+22
2190000 1.6375700e+22
2200000 1.6375700e+22
2210000 1.6375700e+22
2220000 1.6375700e+22
2230000 7.1288900e+21
2240000 7.1288900e+21
2250000 7.1288900e+21
2260000 7.1288900e+21
2270000 7.1288900e+21
2280000 7.1288900e+21
2290000 7.1288900e+21
2300000 7.1288900e+21
2310000 7.1288900e+21
2320000 7.1288900e+21
2330000 7.1288900e+21
2340000 7.1288900e+21
2350000 7.1288900e+21
2360000 7.1288900e+21
2370000 3.6059600e+21
2380000 3.6059600e+21
2390000 3.6059600e+21
2400000 3.6059600e+21
2410000 3.6059600e+21
2420000 3.6059600e+21
2430000 3.6059600e+21
2440000 3.6059600e+21
2450000 3.6059600e+21
2460000 3.6059600e+21
2470000 3.6059600e+21
2480000 3.6059600e+21
2490000 3.6059600e+21
2500000 3.6059600e+21
2510000 3.6059600e+21
2520000 3.6059600e+21
2530000 3.6059600e+21
2540000 3.6059600e+21
2550000 3.6059600e+21
2560000 3.6059600e+21
2570000 3.6059600e+21
2580000 1.9480800e+21
2590000 1.9480800e+21
2600000 1.9480800e+21
2610000 1.9480800e+21
2620000 1.9480800e+21
2630000 1.9480800e+21
2640000 1.9480800e+21
2650000 1.3521500e+21
2660000 1.3521500e+21
2670000 1.3521500e+21
2680000 1.3521500e+21
2690000 1.3521500e+21
2700000 1.3521500e+21
2710000 1.3521500e+21
2720000 1.3521500e+21
2730000 1.3521500e+21
2740000 1.3521500e+21
2750000 1.3521500e+21
2760000 1.3521500e+21
2770000 1.3521500e+21
2780000 1.3521500e+21
2790000 7.5217000e+20
2800000 7.5217000e+20
2810000 7.5217000e+20
2820000 7.5217000e+20
2830000 7.5217000e+20
2840000 7.5217000e+20
2850000 7.5217000e+20
2860000 7.5217000e+20
2870000 7.5217000e+20
2880000 7.5217000e+20
2890000 7.5217000e+20
