Depth (m) Viscosity (Pa s)
0 7.6404100e+21
10000 7.6404100e+21
20000 7.6404100e+21
30000 2.4161100e+21
40000 2.4161100e+21
50000 2.4161100e+21
60000 2.4161100e+21
70000 2.4161100e+21
80000 5.8258000e+20
90000 5.8258000e+20
100000 5.8258000e+20
110000 5.8258000e+20
120000 5.8258000e+20
130000 5.8258000e+20
140000 5.8258000e+20
150000 1.8423000e+20
160000 1.8423000e+20
170000 1.8423000e+20
180000 1.8423000e+20
190000 1.8423000e+20
200000 1.8423000e+20
210000 1.8423000e+20
220000 1.4002000e+20
230000 1.4002000e+20
240000 1.4002000e+20
250000 1.4002000e+20
260000 1.4002000e+20
270000 1.4002000e+20
280000 1.4002000e+20
290000 1.4002000e+20
300000 3.1310000e+20
310000 3.1310000e+20
320000 3.1310000e+20
330000 3.1310000e+20
340000 3.1310000e+20
350000 3.1310000e+20
360000 3.1310000e+20
370000 3.1310000e+20
380000 3.1310000e+20
390000 3.1310000e+20
400000 5.3565000e+20
410000 5.3565000e+20
420000 5.3565000e+20
430000 5.3565000e+20
440000 5.3565000e+20
450000 5.3565000e+20
460000 5.3565000e+20
470000 5.3565000e+20
480000 5.3565000e+20
490000 6.3274000e+20
500000 6.3274000e+20
510000 6.3274000e+20
520000 6.3274000e+20
530000 6.3274000e+20
540000 6.3274000e+20
550000 6.3274000e+20
560000 6.3274000e+20
570000 6.3274000e+20
580000 6.3274000e+20
590000 6.3274000e+20
600000 5.0566000e+20
610000 5.0566000e+20
620000 5.0566000e+20
630000 5.0566000e+20
640000 5.0566000e+20
650000 5.0566000e+20
660000 5.0566000e+20
670000 1.7089700e+21
680000 1.7089700e+21
690000 1.7089700e+21
700000 1.7089700e+21
710000 1.7089700e+21
720000 1.7089700e+21
730000 1.7089700e+21
740000 1.7089700e+21
750000 1.7089700e+21
760000 1.7089700e+21
770000 1.7089700e+21
780000 1.7089700e+21
790000 1.7089700e+21
800000 1.7089700e+21
810000 1.7089700e+21
820000 1.7089700e+21
830000 5.0194000e+21
840000 5.0194000e+21
850000 5.0194000e+21
860000 5.0194000e+21
870000 5.0194000e+21
880000 5.0194000e+21
890000 5.0194000e+21
900000 5.0194000e+21
910000 5.0194000e+21
920000 5.0194000e+21
930000 5.0194000e+21
940000 5.0194000e+21
950000 5.0194000e+21
960000 5.0194000e+21
970000 5.0194000e+21
980000 5.0194000e+21
990000 5.0194000e+21
1000000 5.0194000e+21
1010000 5.0194000e+21
1020000 1.0544620e+22
1030000 1.0544620e+22
1040000 1.0544620e+22
1050000 1.0544620e+22
1060000 1.0544620e+22
1070000 1.0544620e+22
1080000 1.0544620e+22
1090000 1.0544620e+22
1100000 1.0544620e+22
1110000 1.0544620e+22
1120000 1.0544620e+22
1130000 1.0544620e+22
1140000 1.0544620e+22
1150000 1.0544620e+22
1160000 1.6455390e+22
1170000 1.6455390e+22
1180000 1.6455390e+22
1190000 1.6455390e+22
1200000 1.6455390e+22
1210000 1.6455390e+22
1220000 1.6455390e+22
1230000 1.6455390e+22
1240000 1.6455390e+22
1250000 1.6455390e+22
1260000 1.6455390e+22
1270000 1.6455390e+22
1280000 1.6455390e+22
1290000 1.6455390e+22
1300000 2.5767430e+22
1310000 2.5767430e+22
1320000 2.5767430e+22
1330000 2.5767430e+22
1340000 2.5767430e+22
1350000 2.5767430e+22
1360000 2.5767430e+22
1370000 2.5767430e+22
1380000 2.5767430e+22
1390000 2.5767430e+22
1400000 2.5767430e+22
1410000 2.5767430e+22
1420000 2.5767430e+22
1430000 2.5767430e+22
1440000 3.8408260e+22
1450000 3.8408260e+22
1460000 3.8408260e+22
1470000 3.8408260e+22
1480000 3.8408260e+22
1490000 3.8408260e+22
1500000 3.8408260e+22
1510000 3.8408260e+22
1520000 3.8408260e+22
1530000 3.8408260e+22
1540000 5.6926890e+22
1550000 5.6926890e+22
1560000 5.6926890e+22
1570000 5.6926890e+22
1580000 5.6926890e+22
1590000 5.6926890e+22
1600000 5.6926890e+22
1610000 5.6926890e+22
1620000 5.6926890e+22
1630000 5.6926890e+22
1640000 5.6926890e+22
1650000 5.6926890e+22
1660000 5.6926890e+22
1670000 5.6926890e+22
1680000 8.5447570e+22
1690000 8.5447570e+22
1700000 8.5447570e+22
1710000 8.5447570e+22
1720000 8.5447570e+22
1730000 8.5447570e+22
1740000 8.5447570e+22
1750000 8.5447570e+22
1760000 8.5447570e+22
1770000 8.5447570e+22
1780000 8.5447570e+22
1790000 8.5447570e+22
1800000 8.5447570e+22
1810000 8.5447570e+22
1820000 1.9399962e+23
1830000 1.9399962e+23
1840000 1.9399962e+23
1850000 1.9399962e+23
1860000 1.9399962e+23
1870000 1.9399962e+23
1880000 1.9399962e+23
1890000 1.9399962e+23
1900000 1.9399962e+23
1910000 1.9399962e+23
1920000 1.9399962e+23
1930000 1.9399962e+23
1940000 1.9399962e+23
1950000 1.9399962e+23
1960000 3.3343762e+23
1970000 3.3343762e+23
1980000 3.3343762e+23
1990000 3.3343762e+23
2000000 3.3343762e+23
2010000 3.3343762e+23
2020000 3.3343762e+23
2030000 3.3343762e+23
2040000 3.3343762e+23
2050000 3.3343762e+23
2060000 3.3343762e+23
2070000 3.3343762e+23
2080000 3.3343762e+23
2090000 8.1612310e+22
2100000 8.1612310e+22
2110000 8.1612310e+22
2120000 8.1612310e+22
2130000 8.1612310e+22
2140000 8.1612310e+22
2150000 8.1612310e+22
2160000 8.1612310e+22
2170000 8.1612310e+22
2180000 8.1612310e+22
2190000 8.1612310e+22
2200000 8.1612310e+22
2210000 8.1612310e+22
2220000 8.1612310e+22
2230000 3.1965080e+22
2240000 3.1965080e+22
2250000 3.1965080e+22
2260000 3.1965080e+22
2270000 3.1965080e+22
2280000 3.1965080e+22
2290000 3.1965080e+22
2300000 3.1965080e+22
2310000 3.1965080e+22
2320000 3.1965080e+22
2330000 3.1965080e+22
2340000 3.1965080e+22
2350000 3.1965080e+22
2360000 3.1965080e+22
2370000 1.4466330e+22
2380000 1.4466330e+22
2390000 1.4466330e+22
2400000 1.4466330e+22
2410000 1.4466330e+22
2420000 1.4466330e+22
2430000 1.4466330e+22
2440000 1.4466330e+22
2450000 1.4466330e+22
2460000 1.4466330e+22
2470000 1.4466330e+22
2480000 1.4466330e+22
2490000 1.4466330e+22
2500000 1.4466330e+22
2510000 1.4466330e+22
2520000 1.4466330e+22
2530000 1.4466330e+22
2540000 1.4466330e+22
2550000 1.4466330e+22
2560000 1.4466330e+22
2570000 1.4466330e+22
2580000 7.4285900e+21
2590000 7.4285900e+21
2600000 7.4285900e+21
2610000 7.4285900e+21
2620000 7.4285900e+21
2630000 7.4285900e+21
2640000 7.4285900e+21
2650000 3.6565900e+21
2660000 3.6565900e+21
2670000 3.6565900e+21
2680000 3.6565900e+21
2690000 3.6565900e+21
2700000 3.6565900e+21
2710000 3.6565900e+21
2720000 3.6565900e+21
2730000 3.6565900e+21
2740000 3.6565900e+21
2750000 3.6565900e+21
2760000 3.6565900e+21
2770000 3.6565900e+21
2780000 3.6565900e+21
2790000 7.7138000e+20
2800000 7.7138000e+20
2810000 7.7138000e+20
2820000 7.7138000e+20
2830000 7.7138000e+20
2840000 7.7138000e+20
2850000 7.7138000e+20
2860000 7.7138000e+20
2870000 7.7138000e+20
2880000 7.7138000e+20
2890000 7.7138000e+20
